BJD - 2454833, Corrected Flux
2146.452767392, 0.990595413,
2146.473199716, 0.991284112,
2146.514064064, 0.992357660,
2146.534496386, 0.991172285,
2146.554928509, 0.989755247,
2146.575360731, 0.991845945,
2146.595793052, 0.990208226,
2146.616225172, 0.989426719,
2146.657089612, 0.991307893,
2146.677521831, 0.990456410,
2146.697954150, 0.989524789,
2146.718386268, 0.989504314,
2146.738818485, 0.990025272,
2146.759250802, 0.990070281,
2146.779683019, 0.987058868,
2146.800115134, 0.986743385,
2146.820547450, 0.990059187,
2146.840979664, 0.986797200,
2146.861411779, 0.987525624,
2146.881844093, 0.988866895,
2146.902276306, 0.984968851,
2146.922708418, 0.985231935,
2146.943140731, 0.993051062,
2146.963572943, 0.989215137,
2146.984005053, 0.985732220,
2147.004437364, 0.988715784,
2147.024869574, 0.985467471,
2147.045301684, 0.987482547,
2147.065733993, 0.986538565,
2147.086166201, 0.985454814,
2147.106598409, 0.988323767,
2147.127030617, 0.986117301,
2147.147462824, 0.985677704,
2147.167895130, 0.985139354,
2147.188327236, 0.985113758,
2147.208759441, 0.987814526,
2147.229191746, 0.985815873,
2147.249623950, 0.989976223,
2147.270056054, 0.988862767,
2147.290488357, 0.984122747,
2147.310920560, 0.984814004,
2147.331352662, 0.986854619,
2147.351784964, 0.983843060,
2147.372217065, 0.985635754,
2147.392649266, 0.981786238,
2147.413081565, 0.979362917,
2147.433513665, 0.984425347,
2147.453945864, 0.984083894,
2147.494810261, 0.985727517,
2147.515242458, 0.983666300,
2147.535674755, 0.984664316,
2147.556106851, 0.986156773,
2147.596971343, 0.985178146,
2147.617403537, 0.984431782,
2147.637835631, 0.983361849,
2147.658267925, 0.985891072,
2147.678700119, 0.981512926,
2147.699132311, 0.984152422,
2147.719564503, 0.984857195,
2147.739996695, 0.983262590,
2147.760428986, 0.982647860,
2147.780861077, 0.982793381,
2147.801293267, 0.983462631,
2147.821725557, 0.982321680,
2147.842157646, 0.984839247,
2147.862589834, 0.985168729,
2147.883022122, 0.984195851,
2147.903454210, 0.984313016,
2147.923886397, 0.985201016,
2147.944318683, 0.983861327,
2147.985182954, 0.981732649,
2148.005615240, 0.983636616,
2148.026047324, 0.985920498,
2148.046479508, 0.983358961,
2148.066911791, 0.984697060,
2148.087343974, 0.983174494,
2148.107776056, 0.982054574,
2148.128208338, 0.984963844,
2148.148640419, 0.981800397,
2148.169072600, 0.982285799,
2148.189504880, 0.984310504,
2148.209936960, 0.983625478,
2148.230369139, 0.982633908,
2148.250801418, 0.985025217,
2148.271233496, 0.983494469,
2148.291665774, 0.982481892,
2148.312097951, 0.985850996,
2148.332530028, 0.983805311,
2148.352962304, 0.983412452,
2148.373394479, 0.983839310,
2148.393826554, 0.982436684,
2148.414258828, 0.985157058,
2148.434691003, 0.983968290,
2148.475555349, 0.983543176,
2148.495987522, 0.984176317,
2148.516419694, 0.986404995,
2148.536851865, 0.985406247,
2148.557284036, 0.985282384,
2148.577716206, 0.984406061,
2148.598148476, 0.988083999,
2148.618580546, 0.982410530,
2148.639012714, 0.984213895,
2148.659444983, 0.980863715,
2148.679877050, 0.983360286,
2148.720741485, 0.984595007,
2148.741173551, 0.984481486,
2148.761605717, 0.981820214,
2148.782037982, 0.986521789,
2148.802470046, 0.981693825,
2148.822902211, 0.982379322,
2148.843334475, 0.983786457,
2148.863766538, 0.981625856,
2148.884198800, 0.986331863,
2148.904630863, 0.982225602,
2148.925063024, 0.980763156,
2148.945495285, 0.983214273,
2148.986359506, 0.982870134,
2149.006791765, 0.983234677,
2149.027223925, 0.984989487,
2149.047655983, 0.981164070,
2149.068088241, 0.981894986,
2149.088520399, 0.983260129,
2149.108952456, 0.983043153,
2149.129384712, 0.981985269,
2149.149816868, 0.984159657,
2149.170248924, 0.983240995,
2149.190681179, 0.982270455,
2149.211113333, 0.983455424,
2149.231545387, 0.984131408,
2149.251977640, 0.983118256,
2149.272409794, 0.980940010,
2149.292841946, 0.982855498,
2149.313274098, 0.984400630,
2149.333706249, 0.983922062,
2149.354138400, 0.983607151,
2149.374570550, 0.983069504,
2149.395002700, 0.982683872,
2149.415434850, 0.982461860,
2149.456299147, 0.982555913,
2149.476731395, 0.980971726,
2149.497163542, 0.989461973,
2149.517595589, 0.983812939,
2149.538027835, 0.984444181,
2149.558459981, 0.984916220,
2149.578892026, 0.982888202,
2149.599324271, 0.982882933,
2149.619756315, 0.982470773,
2149.640188459, 0.983203839,
2149.660620702, 0.983581582,
2149.681052745, 0.983822990,
2149.701484887, 0.983121970,
2149.721917129, 0.982481272,
2149.742349170, 0.983413691,
2149.762781311, 0.978767142,
2149.783213551, 0.983587350,
2149.803645591, 0.984009758,
2149.824077730, 0.983203013,
2149.844509969, 0.978637938,
2149.864942107, 0.984478072,
2149.885374144, 0.982314183,
2149.905806382, 0.981879691,
2149.946670555, 0.985425403,
2149.967102790, 0.986063620,
2149.987534926, 0.984242163,
2150.007966960, 0.982841594,
2150.028399194, 0.980382850,
2150.048831328, 0.981925719,
2150.069263561, 0.980884257,
2150.089695594, 0.981693477,
2150.110127726, 0.982385076,
2150.130559957, 0.984372508,
2150.150991989, 0.983325133,
2150.171424119, 0.983768286,
2150.191856349, 0.986634186,
2150.212288379, 0.980832695,
2150.232720508, 0.981948984,
2150.253152736, 0.984651365,
2150.273584864, 0.981815495,
2150.294016892, 0.981469577,
2150.314449119, 0.983102424,
2150.334881246, 0.982554286,
2150.355313272, 0.981974157,
2150.375745498, 0.983782388,
2150.396177522, 0.984206971,
2150.416609647, 0.984567550,
2150.437041871, 0.980857122,
2150.457473895, 0.983959313,
2150.477906018, 0.984456536,
2150.498338240, 0.982790777,
2150.518770263, 0.983474853,
2150.539202384, 0.983413199,
2150.559634605, 0.981153987,
2150.580066626, 0.983939546,
2150.600498746, 0.982791706,
2150.620930965, 0.984953160,
2150.641362984, 0.979722310,
2150.682227321, 0.982299437,
2150.702659439, 0.982185720,
2150.723091556, 0.983042653,
2150.743523672, 0.981750247,
2150.763955788, 0.980906507,
2150.784388004, 0.981922054,
2150.804820019, 0.980923112,
2150.825252133, 0.984403698,
2150.845684347, 0.980728681,
2150.866116361, 0.980200692,
2150.886548474, 0.983080584,
2150.906980687, 0.982822317,
2150.927412699, 0.984030336,
2150.947844810, 0.982725800,
2150.968277022, 0.984179857,
2150.988709032, 0.983360413,
2151.009141142, 0.984628585,
2151.029573252, 0.979933995,
2151.050005361, 0.982193581,
2151.070437470, 0.983058587,
2151.090869678, 0.981875008,
2151.111301685, 0.983599420,
2151.131733792, 0.983075710,
2151.152165999, 0.983437512,
2151.172598005, 0.984752352,
2151.193030111, 0.982417456,
2151.213462316, 0.981452560,
2151.233894321, 0.982367077,
2151.254326525, 0.983804210,
2151.274758628, 0.983517000,
2151.295190632, 0.981207320,
2151.315622834, 0.983556539,
2151.336054936, 0.982806625,
2151.356486938, 0.985699406,
2151.376919139, 1.006007071,
2151.397351240, 0.985448167,
2151.417783240, 0.984610009,
2151.438215440, 0.984884214,
2151.458647539, 0.982387883,
2151.479079538, 0.983555633,
2151.499511736, 0.984930469,
2151.519943834, 0.982081354,
2151.540375931, 0.982820698,
2151.581240124, 0.983911440,
2151.601672220, 0.984034453,
2151.622104415, 0.985378313,
2151.642536410, 0.982757038,
2151.662968504, 0.985261550,
2151.683400698, 0.986422283,
2151.703832691, 0.984432138,
2151.724264784, 0.984097873,
2151.744696976, 0.984217830,
2151.785561059, 0.984483443,
2151.805993250, 0.986650786,
2151.826425241, 0.985413577,
2151.846857330, 0.985978543,
2151.867289420, 0.989262404,
2151.908153697, 0.985334143,
2151.928585685, 0.984758531,
2151.949017773, 0.988675447,
2151.969449959, 0.984205022,
2151.989882046, 0.985295128,
2152.010314032, 0.985382848,
2152.030746217, 0.983718089,
2152.051178302, 0.984773200,
2152.071610287, 0.987836447,
2152.092042471, 0.985195335,
2152.112474554, 0.984777213,
2152.132906537, 0.985310809,
2152.153338720, 0.986670060,
2152.173770802, 0.986785105,
2152.194202783, 0.985608839,
2152.214634965, 0.985366043,
2152.235067045, 0.987093242,
2152.255499025, 0.987810869,
2152.275931205, 0.984834838,
2152.296363284, 0.984689296,
2152.316795263, 0.985916322,
2152.337227441, 0.986233897,
2152.357659519, 0.986457460,
2152.378091595, 0.985859205,
2152.398523672, 0.987063240,
2152.418955749, 0.987009231,
2152.439387824, 0.985846060,
2152.459819999, 0.988906724,
2152.480251974, 0.989204929,
2152.500684148, 0.987232539,
2152.521116222, 0.985488790,
2152.541548196, 0.986073999,
2152.561980369, 0.987348822,
2152.582412441, 0.989437027,
2152.602844412, 0.984130750,
2152.623276584, 0.986922447,
2152.643708555, 0.986424764,
2152.664140625, 0.986041567,
2152.684572795, 0.986886262,
2152.705004764, 0.986830754,
2152.725436833, 0.988818846,
2152.745869002, 0.987039207,
2152.766300970, 0.986840848,
2152.786733038, 0.987076168,
2152.807165205, 0.988168280,
2152.827597271, 0.989120809,
2152.848029237, 0.987820034,
2152.868461403, 0.987659823,
2152.888893468, 0.990121220,
2152.909325433, 0.987599613,
2152.929757597, 0.988995427,
2152.950189660, 0.989493079,
2152.970621623, 0.987963407,
2152.991053786, 0.987072583,
2153.011485848, 0.986477125,
2153.031917810, 0.987552721,
2153.052349971, 0.986434531,
2153.072782032, 0.989484207,
2153.093214193, 0.988137683,
2153.113646152, 0.988976476,
2153.134078211, 0.987430091,
2153.154510370, 0.988825463,
2153.174942329, 0.988955500,
2153.195374387, 0.987478038,
2153.215806544, 0.988944753,
2153.236238501, 0.987812199,
2153.256670558, 0.988779225,
2153.277102614, 0.988123979,
2153.317966724, 0.988491338,
2153.338398778, 0.989595005,
2153.379262886, 0.988827903,
2153.399695040, 0.990554215,
2153.420126992, 0.988712029,
2153.440559044, 0.987269352,
2153.460991196, 0.987334636,
2153.481423147, 0.988593185,
2153.501855198, 0.986673956,
2153.522287348, 0.987021443,
2153.563151347, 0.987420034,
2153.583583496, 0.987920168,
2153.604015445, 0.988338998,
2153.624447493, 0.986191260,
2153.644879640, 0.989693666,
2153.665311687, 0.988327233,
2153.685743733, 0.989233053,
2153.706175779, 0.985768833,
2153.726607825, 0.988989866,
2153.747039870, 0.986552023,
2153.787903958, 0.989374607,
2153.808336102, 0.988122316,
2153.828768045, 0.988743977,
2153.890064172, 0.985163865,
2153.910496213, 0.990833248,
2153.930928354, 0.988753628,
2153.951360294, 0.987915442,
2153.971792334, 0.989388395,
2153.992224473, 0.997357005,
2154.012656412, 0.988485767,
2154.033088451, 0.988836860,
2154.053520489, 0.988057707,
2154.073952526, 0.988890648,
2154.094384563, 0.989277774,
2154.114816600, 0.990493149,
2154.135248636, 0.990915924,
2154.155680671, 0.988109917,
2154.176112707, 0.988979916,
2154.196544741, 0.989733069,
2154.216976775, 0.992445415,
2154.237408909, 0.988700119,
2154.257840842, 0.988336300,
2154.278272975, 0.989544999,
2154.298705007, 0.990694159,
2154.319136939, 0.989321889,
2154.339569071, 0.988173518,
2154.360001102, 0.990666156,
2154.380433032, 0.989606335,
2154.400865162, 0.989649647,
2154.421297192, 0.989812729,
2154.441729120, 0.989096540,
2154.462161249, 0.989517415,
2154.482593277, 0.990172136,
2154.503025305, 0.987687113,
2154.523457332, 0.991550743,
2154.543889359, 0.990274285,
2154.564321385, 0.988614456,
2154.584753411, 0.988715930,
2154.605185436, 0.987877693,
2154.625617461, 0.993902659,
2154.646049585, 0.989814038,
2154.666481509, 0.990791050,
2154.686913532, 0.989440292,
2154.707345656, 0.988691523,
2154.727777578, 0.991694262,
2154.748209600, 0.988379061,
2154.789073643, 0.990033089,
2154.809505763, 0.989005282,
2154.829937683, 0.989831148,
2154.850369703, 0.989587027,
2154.870801823, 0.988944645,
2154.891233741, 0.992772059,
2154.911665759, 0.990932218,
2154.932097877, 0.987430417,
2154.952529795, 0.990133591,
2154.972961812, 0.989299562,
2154.993393928, 0.988990613,
2155.013825844, 0.991906464,
2155.034257860, 0.989826153,
2155.054689975, 0.990827704,
2155.075121990, 0.986686945,
2155.095553904, 0.989592237,
2155.115986017, 0.989275182,
2155.136418031, 0.987956327,
2155.156849943, 0.989843833,
2155.177282056, 0.988658597,
2155.197714067, 0.986556208,
2155.218145979, 0.989303823,
2155.238578090, 0.989504492,
2155.259010100, 0.988759500,
2155.279442010, 0.989644656,
2155.299874120, 0.988192725,
2155.320306129, 0.991257100,
2155.340738138, 0.989594989,
2155.361170145, 0.990496170,
2155.381602153, 0.990982161,
2155.402034261, 0.990150705,
2155.422466167, 0.989671377,
2155.463330280, 0.989593646,
2155.483762185, 0.990876992,
2155.504194190, 0.988479912,
2155.524626194, 0.989910507,
2155.565490202, 0.989948788,
2155.585922305, 0.987814102,
2155.606354208, 0.991186933,
2155.626786210, 0.991456470,
2155.647218312, 0.991134081,
2155.667650213, 0.991221707,
2155.688082214, 0.991156118,
2155.708514314, 0.989718736,
2155.728946214, 0.991413092,
2155.749378214, 0.989659540,
2155.769810313, 0.991160407,
2155.790242211, 0.990022816,
2155.851538204, 0.990865226,
2155.871970201, 0.989371722,
2155.892402297, 0.990900593,
2155.912834293, 0.991686873,
2155.933266188, 0.989809148,
2155.953698283, 0.989677203,
2155.974130278, 0.994566213,
2155.994562272, 0.990044206,
2156.014994265, 0.991358734,
2156.035426259, 0.990566807,
2156.055858351, 0.991356454,
2156.076290243, 0.990207349,
2156.096722235, 0.995467959,
2156.117154326, 0.990479606,
2156.137586217, 0.995028250,
2156.158018208, 0.993321867,
2156.198882187, 0.993705397,
2156.219314176, 0.992999931,
2156.239746264, 0.996827531,
2156.260178153, 0.992743278,
2156.280610140, 0.992348939,
2156.301042128, 0.992167343,
2156.321474114, 0.995092182,
2156.403202057, 0.992328397,
2156.423634141, 0.994443972,
2156.444066025, 0.993268488,
2156.464498009, 0.995030375,
2156.484930092, 0.993537500,
2156.505361975, 0.995683590,
2156.525793957, 0.992817914,
2156.546226039, 0.991271673,
2156.566657920, 0.993578919,
2156.587090002, 0.994812701,
2156.607521982, 0.993323829,
2156.627953862, 0.995363218,
2156.648385941, 0.993319122,
2156.668817920, 0.995632794,
2156.709681878, 0.991517895,
2156.730113855, 0.993305310,
2156.750545832, 0.993320519,
2156.791409786, 0.995263916,
2156.811841762, 0.994017752,
2156.832273737, 0.993957675,
2156.852705713, 0.995232166,
2156.873137687, 0.994379233,
2156.893569761, 0.996020768,
2156.914001635, 0.994593070,
2156.934433608, 0.993481266,
2156.954865681, 0.989889806,
2156.975297554, 0.995620351,
2156.995729526, 0.994064834,
2157.016161497, 0.995798624,
2157.036593469, 0.993275839,
2157.057025439, 0.991698872,
2157.077457409, 0.993723360,
2157.097889379, 0.994791440,
2157.118321348, 0.993130952,
2157.138753317, 0.993234886,
2157.159185286, 0.993034051,
2157.200049221, 0.991565509,
2157.220481189, 0.995361142,
2157.240913255, 0.994995597,
2157.261345221, 0.993717042,
2157.302209153, 0.993009603,
2157.322641117, 0.994514583,
2157.343072982, 0.991615264,
2157.363505046, 0.993258807,
2157.383937009, 0.995241034,
2157.404368872, 0.994163024,
2157.424800935, 0.992385495,
2157.445232897, 0.993000887,
2157.465664759, 0.992640325,
2157.486096820, 0.994388002,
2157.506528781, 0.993956252,
2157.526960642, 0.993147090,
2157.547392702, 0.994524275,
2157.567824662, 0.994455898,
2157.588256621, 0.995821300,
2157.608688580, 0.993742146,
2157.629120538, 0.996863951,
2157.649552496, 0.994786778,
2157.669984453, 0.996049944,
2157.690416410, 0.996218260,
2157.710848367, 0.992904138,
2157.731280322, 0.992253261,
2157.751712278, 0.992769338,
2157.813008143, 0.995068324,
2157.833440197, 0.995328546,
2157.853872050, 0.994595801,
2157.874304003, 0.996435253,
2157.894736056, 0.995310509,
2157.915167908, 0.994263967,
2157.935599859, 0.994056786,
2157.956031911, 0.992915061,
2157.976463762, 0.994638593,
2157.996895712, 0.996796571,
2158.017327762, 0.993775556,
2158.037759612, 0.994636561,
2158.058191561, 0.995357685,
2158.078623610, 0.995997074,
2158.099055558, 0.994108049,
2158.119487406, 0.993390522,
2158.139919453, 0.995204041,
2158.160351400, 0.994582788,
2158.180783247, 0.994718304,
2158.201215293, 0.996333993,
2158.221647238, 0.996244064,
2158.242079084, 0.992489645,
2158.262511128, 0.996193952,
2158.282943073, 0.996276032,
2158.323806960, 1.004446941,
2158.344238903, 0.994859174,
2158.364670945, 0.994323009,
2158.385102788, 0.996408925,
2158.405534729, 0.996693182,
2158.425966771, 0.995552656,
2158.446398612, 0.993769657,
2158.466830552, 0.994909980,
2158.487262592, 0.994777410,
2158.507694432, 0.996976008,
2158.528126371, 0.995991866,
2158.548558310, 0.995330595,
2158.568990248, 0.992404067,
2158.589422186, 0.996093991,
2158.609854223, 0.995065939,
2158.630286060, 0.995743701,
2158.650717997, 0.997064949,
2158.671150033, 0.995462789,
2158.691581869, 0.995185194,
2158.712013804, 0.996392260,
2158.732445839, 0.994334756,
2158.773309607, 0.994719907,
2158.793741641, 0.993417627,
2158.814173474, 0.995933969,
2158.834605407, 0.995782029,
2158.855037439, 0.996405005,
2158.875469271, 0.996943590,
2158.895901303, 0.994330718,
2158.916333233, 0.996301012,
2158.936765164, 0.996767201,
2158.957197094, 0.994842312,
2158.977629024, 0.994242957,
2158.998060953, 0.995479669,
2159.018492882, 0.996687889,
2159.038924811, 0.993711047,
2159.059356739, 0.994085686,
2159.079788766, 0.994803028,
2159.100220593, 0.997661829,
2159.120652520, 0.997181717,
2159.141084547, 0.996146025,
2159.161516373, 0.997614870,
2159.181948298, 0.996784787,
2159.202380323, 0.994886742,
2159.222812148, 0.997314292,
2159.243244072, 0.998209604,
2159.263675996, 0.995505955,
2159.284107919, 0.997356663,
2159.304539842, 0.995947693,
2159.324971765, 0.998151864,
2159.345403687, 0.997265061,
2159.365835608, 0.996654116,
2159.386267530, 0.996854471,
2159.406699450, 0.995810456,
2159.427131371, 0.995666902,
2159.447563391, 0.997704039,
2159.467995211, 0.997024357,
2159.508859149, 0.997322443,
2159.529290967, 0.997824575,
2159.549722985, 0.997842258,
2159.570154902, 0.998673717,
2159.590586719, 0.996981171,
2159.611018736, 0.997325301,
2159.631450652, 0.993664636,
2159.651882468, 0.998190708,
2159.672314483, 0.998703970,
2159.692746398, 0.995222042,
2159.713178213, 0.997255631,
2159.754042140, 0.994133481,
2159.774474054, 0.997249389,
2159.794905966, 0.998103916,
2159.815337879, 0.997845670,
2159.835769791, 0.998341331,
2159.876633613, 0.996705869,
2159.897065525, 0.996447884,
2159.917497535, 0.996120952,
2159.937929345, 0.998004318,
2159.958361254, 0.995836031,
2159.978793163, 0.996655987,
2160.019656880, 0.995414251,
2160.040088888, 0.994867385,
2160.060520796, 0.999109827,
2160.080952803, 0.999524804,
2160.101384609, 0.996778926,
2160.121816515, 0.997656446,
2160.142248521, 0.994386410,
2160.162680327, 0.995793028,
2160.183112231, 0.997461518,
2160.203544236, 0.998396891,
2160.223976040, 0.995874195,
2160.244407944, 0.997484889,
2160.264839947, 0.998005193,
2160.285271850, 0.994820633,
2160.305703652, 0.999373230,
2160.326135655, 0.997548254,
2160.346567556, 0.995170133,
2160.366999357, 0.997890299,
2160.387431358, 0.998519339,
2160.407863259, 0.996275887,
2160.428295059, 0.998016130,
2160.448727058, 0.997951550,
2160.469158957, 0.997789798,
2160.489590756, 0.997631943,
2160.510022754, 0.997967468,
2160.530454652, 0.998036219,
2160.550886450, 1.000641889,
2160.571318447, 0.998126075,
2160.591750344, 0.997407009,
2160.612182240, 0.995631598,
2160.632614136, 0.995619635,
2160.653046031, 0.998061170,
2160.673478026, 0.996492001,
2160.693909821, 0.997040322,
2160.734773709, 0.997891239,
2160.755205502, 0.997006604,
2160.775637395, 0.995453970,
2160.796069288, 0.997475368,
2160.816501180, 0.996491193,
2160.836933072, 0.998873108,
2160.857365063, 0.999087023,
2160.877796854, 0.998961337,
2160.898228745, 1.000938089,
2160.918660735, 0.997487519,
2160.939092524, 0.996920701,
2160.959524414, 0.999475869,
2160.979956403, 0.999550948,
2161.000388191, 0.997911725,
2161.020820080, 0.999354457,
2161.041252067, 0.997934352,
2161.061683854, 0.998019141,
2161.082115742, 0.996885402,
2161.102547728, 0.999328360,
2161.122979614, 0.998746991,
2161.143411400, 0.996933532,
2161.163843385, 0.997604543,
2161.184275270, 0.996595885,
2161.204707054, 1.000427639,
2161.225139038, 0.997980591,
2161.245570922, 0.997702467,
2161.266002705, 0.999403781,
2161.286434688, 0.998021117,
2161.306866571, 0.999858961,
2161.327298552, 0.998406390,
2161.347730334, 0.997295576,
2161.368162215, 0.997653231,
2161.388594196, 1.000221276,
2161.409025977, 0.999485132,
2161.429457857, 0.996171492,
2161.470321615, 0.998747007,
2161.490753494, 0.999982656,
2161.511185373, 0.998873236,
2161.531617251, 0.997197406,
2161.552049128, 0.998514960,
2161.572481006, 0.999234178,
2161.592912882, 0.998228502,
2161.613344759, 1.000624538,
2161.633776635, 0.994315588,
2161.654208511, 0.997224740,
2161.674640386, 1.000136987,
2161.735936009, 1.001199292,
2161.756367983, 0.999249278,
2161.776799756, 1.000535387,
2161.797231629, 0.997258967,
2161.817663601, 1.002995394,
2161.838095373, 1.001082162,
2161.858527345, 0.998976918,
2161.878959216, 0.997250653,
2161.899390987, 0.996771385,
2161.919822957, 0.998344406,
2161.940254827, 0.999530365,
2161.960686697, 1.001371742,
2161.981118566, 0.998712766,
2162.001550435, 1.001002539,
2162.021982304, 1.002719896,
2162.042414171, 0.998847874,
2162.062846039, 0.998030341,
2162.083277906, 0.998286230,
2162.103709773, 1.011206498,
2162.124141640, 0.999030979,
2162.144573506, 1.000141455,
2162.165005472, 1.001517403,
2162.205869102, 0.998692286,
2162.226300966, 1.000832625,
2162.246732830, 1.007199105,
2162.267164594, 0.999462052,
2162.287596557, 0.999993654,
2162.308028420, 1.000969486,
2162.328460183, 0.999101220,
2162.369324007, 1.001427433,
2162.389755868, 0.998291626,
2162.410187729, 0.996823323,
2162.430619590, 0.998390295,
2162.451051550, 1.005433512,
2162.471483310, 1.000628385,
2162.491915169, 0.999556458,
2162.512347128, 0.999084422,
2162.532778987, 0.999551608,
2162.553210745, 1.001101376,
2162.573642703, 0.998523335,
2162.594074560, 1.000203969,
2162.614506317, 0.999729672,
2162.634938274, 0.999703322,
2162.655370130, 0.999340643,
2162.696233841, 0.999497123,
2162.716665697, 1.004095427,
2162.737097451, 1.000459316,
2162.757529406, 1.000457698,
2162.777961260, 0.996634143,
2162.798393113, 0.999455369,
2162.818824966, 0.999249331,
2162.839256819, 1.001056908,
2162.859688671, 1.002461993,
2162.880120523, 1.001845306,
2162.900552375, 1.003736521,
2162.920984226, 1.000506409,
2162.941416077, 1.001402728,
2162.961847927, 0.999268478,
2162.982279777, 1.001465082,
2163.002711627, 1.001275401,
2163.023143476, 0.999262035,
2163.043575425, 0.998874141,
2163.064007174, 1.002455622,
2163.084439022, 1.003141084,
2163.104870970, 1.002061468,
2163.125302717, 0.999844808,
2163.186598257, 0.999798944,
2163.207030103, 0.999661064,
2163.227462048, 1.002362361,
2163.247893793, 1.001655789,
2163.268325638, 1.007969434,
2163.288757582, 1.001357675,
2163.309189326, 1.001181850,
2163.329621170, 1.002917651,
2163.350053113, 1.001515331,
2163.370484955, 1.001422481,
2163.390916698, 0.999716399,
2163.411348640, 1.001120291,
2163.431780481, 1.002312244,
2163.452212223, 1.001747207,
2163.472644163, 1.002268822,
2163.493076004, 1.001906316,
2163.513507744, 1.004221147,
2163.533939684, 1.000696045,
2163.554371523, 1.003221562,
2163.574803462, 1.000761191,
2163.595235200, 1.002555105,
2163.615667039, 1.002591485,
2163.636098876, 1.003143471,
2163.697394388, 1.001011424,
2163.717826224, 1.006915322,
2163.738258060, 1.004979531,
2163.758689895, 1.003487945,
2163.779121730, 1.003759339,
2163.799553565, 1.003171951,
2163.819985399, 1.002673148,
2163.840417234, 1.004094533,
2163.860849067, 1.003060101,
2163.881281000, 1.004237322,
2163.922144566, 1.004242951,
2163.942576498, 1.003013608,
2163.963008230, 1.004749351,
2163.983440061, 1.002100380,
2164.003871992, 1.002892655,
2164.024303723, 1.002508044,
2164.044735553, 1.001947137,
2164.085599212, 1.002571498,
2164.106031041, 1.004495312,
2164.126462970, 1.004911786,
2164.146894698, 1.003255793,
2164.167326626, 1.004347343,
2164.187758454, 1.003131139,
2164.208190281, 1.003807355,
2164.228622108, 1.003085745,
2164.249053935, 1.002102436,
2164.269485761, 1.001379754,
2164.289917686, 1.002134199,
2164.310349412, 1.002608054,
2164.330781237, 1.002147191,
2164.351213162, 1.002395196,
2164.371644886, 1.003236114,
2164.412508533, 1.005434541,
2164.432940356, 1.004309746,
2164.453372179, 1.004526064,
2164.473804001, 1.007028650,
2164.494235824, 1.000670878,
2164.535099466, 1.004780373,
2164.555531287, 1.005732578,
2164.575963108, 1.005313487,
2164.596394928, 1.006684589,
2164.616826748, 1.006516252,
2164.637258567, 1.006353674,
2164.657690386, 1.003332477,
2164.678122205, 1.006404220,
2164.698554123, 1.004868027,
2164.718985941, 1.003028411,
2164.739417659, 1.004662326,
2164.759849576, 1.007522138,
2164.780281393, 1.006114743,
2164.800713109, 1.004475404,
2164.821145026, 1.004340706,
2164.841576841, 1.004121992,
2164.862008557, 1.004418253,
2164.902872286, 1.005352870,
2164.923304001, 1.005997065,
2164.943735915, 1.007043133,
2164.964167728, 1.003015035,
2164.984599441, 1.004713047,
2165.005031354, 1.007411508,
2165.025463167, 1.012346989,
2165.045894979, 1.006107318,
2165.066326790, 1.003659565,
2165.086758602, 1.005384026,
2165.107190413, 1.004272477,
2165.127622223, 1.005557258,
2165.148054034, 1.007469737,
2165.168485844, 1.006238457,
2165.188917753, 1.008157595,
2165.209349463, 1.006931025,
2165.229781371, 1.004795408,
2165.250213080, 1.006495029,
2165.270644888, 1.005841670,
2165.291076796, 1.007332344,
2165.311508503, 1.004358873,
2165.331940310, 1.003396558,
2165.352372216, 1.011195779,
2165.393235729, 1.006634600,
2165.413667634, 1.006946936,
2165.434099339, 1.007908643,
2165.454531144, 1.007003981,
2165.474963049, 1.005117450,
2165.495394753, 1.008755815,
2165.515826557, 1.006914497,
2165.536258460, 1.006112937,
2165.556690263, 1.006454880,
2165.577121966, 1.006469812,
2165.597553868, 1.005994792,
2165.638417371, 1.006283685,
2165.658849273, 1.006873661,
2165.679281074, 1.006908059,
2165.699712774, 1.005594059,
2165.720144674, 1.006283672,
2165.740576474, 1.006542950,
2165.761008373, 1.005365079,
2165.781440073, 1.009820288,
2165.801871871, 1.008558494,
2165.822303770, 1.007237150,
2165.842735468, 1.006310077,
2165.863167265, 1.008011972,
2165.883599063, 1.008054680,
2165.904030860, 1.007828109,
2165.924462656, 1.009449857,
2165.944894453, 1.009613354,
2165.965326248, 1.008323209,
2165.985758044, 1.009524656,
2166.006189839, 1.006450957,
2166.026621634, 1.007473902,
2166.047053428, 1.007153436,
2166.067485322, 1.005769249,
2166.087917016, 1.007830833,
2166.108348810, 1.008919220,
2166.128780703, 1.007373967,
2166.149212395, 1.007814262,
2166.169644188, 1.007520285,
2166.190076080, 1.008664145,
2166.210507771, 1.006138139,
2166.230939563, 1.005792088,
2166.251371453, 1.011490760,
2166.271803144, 1.009063456,
2166.292235034, 1.006817829,
2166.312666824, 1.009226866,
2166.333098514, 1.011441002,
2166.394393980, 1.007435091,
2166.414825768, 1.010038867,
2166.435257556, 1.006335477,
2166.455689343, 1.008104131,
2166.476121130, 1.007302420,
2166.496552917, 1.008325868,
2166.516984704, 1.010135936,
2166.537416590, 1.007345297,
2166.557848275, 1.009283999,
2166.578280060, 1.008295808,
2166.598711946, 1.009641016,
2166.619143630, 1.008705347,
2166.639575414, 1.009799692,
2166.660007198, 1.012267592,
2166.680438982, 1.009096434,
2166.700870765, 1.009733156,
2166.721302548, 1.010544480,
2166.741734330, 1.008288586,
2166.762166113, 1.008256375,
2166.782597895, 1.010500399,
2166.803029676, 1.008901009,
2166.823461557, 1.009715192,
2166.864325018, 1.009038028,
2166.884756899, 1.008653945,
2166.905188678, 1.009980160,
2166.925620358, 1.009819690,
2166.946052237, 1.010493261,
2166.966484016, 1.007218190,
2166.986915694, 1.010953864,
2167.007347572, 1.010562193,
2167.027779350, 1.009061510,
2167.048211027, 1.011047630,
2167.068642904, 1.015270725,
2167.109506357, 1.009116061,
2167.129938233, 1.012511742,
2167.150370008, 1.009071734,
2167.170801684, 1.011536336,
2167.191233559, 1.009526482,
2167.211665333, 1.010714729,
2167.232097108, 1.009077857,
2167.252528882, 1.008789568,
2167.272960655, 1.009523864,
2167.293392428, 1.018386395,
2167.313824201, 1.012033120,
2167.354687846, 1.009195790,
2167.375119518, 1.010212360,
2167.395551290, 1.012668931,
2167.415983161, 1.012365424,
2167.436414832, 1.006759144,
2167.456846602, 1.011058495,
2167.477278472, 1.011862785,
2167.497710142, 1.012582556,
2167.518141912, 1.008513767,
2167.538573781, 1.009076778,
2167.559005450, 1.010566892,
2167.599869086, 1.011876539,
2167.620300754, 1.011599314,
2167.640732522, 1.012420904,
2167.661164389, 1.009498758,
2167.681596055, 1.020490105,
2167.702027822, 1.010496453,
2167.722459688, 1.011470583,
2167.742891454, 1.008977972,
2167.763323119, 1.016262330,
2167.783754984, 1.010688618,
2167.804186749, 1.010792238,
2167.845050278, 1.010764910,
2167.865482042, 1.010316902,
2167.885913905, 1.011868042,
2167.906345568, 1.010772320,
2167.926777331, 1.010889128,
2167.947209193, 1.010727815,
2167.967640856, 1.013467971,
2167.988072617, 1.010852741,
2168.008504479, 1.014689592,
2168.028936140, 1.009921982,
2168.049367901, 1.012808737,
2168.090231421, 1.011679178,
2168.110663181, 1.009055266,
2168.131094940, 1.013022835,
2168.151526699, 1.014178898,
2168.171958458, 1.012893863,
2168.192390217, 1.014032717,
2168.212821975, 1.015761853,
2168.233253733, 1.013290132,
2168.253685590, 1.012787995,
2168.274117247, 1.013286169,
2168.294549004, 1.014326226,
2168.335412717, 1.015034119,
2168.355844472, 1.011796506,
2168.376276328, 1.012453253,
2168.396708083, 1.014904163,
2168.417139938, 1.014364849,
2168.437571592, 1.013102258,
2168.458003346, 1.010978422,
2168.478435200, 1.013676952,
2168.498866854, 1.011409386,
2168.519298607, 1.015112434,
2168.539730460, 1.014177565,
2168.580593865, 1.012364687,
2168.601025716, 1.014539295,
2168.621457468, 1.015191919,
2168.641889119, 1.010950021,
2168.662320970, 1.012975797,
2168.682752720, 1.013101542,
2168.703184371, 1.011716524,
2168.723616221, 1.013285338,
2168.744047970, 1.014873413,
2168.764479619, 1.010634398,
2168.825774865, 1.015711732,
2168.846206713, 1.013651971,
2168.866638361, 1.013421730,
2168.887070108, 1.012926650,
2168.907501955, 1.013509802,
2168.927933602, 1.013688783,
2168.948365448, 1.014915106,
2168.968797194, 1.014652604,
2168.989228840, 1.013624785,
2169.009660685, 1.010927355,
2169.030092431, 1.018553449,
2169.070955920, 1.015451228,
2169.091387664, 1.014229840,
2169.111819407, 1.015134005,
2169.132251151, 1.013871471,
2169.152682894, 1.016047507,
2169.173114637, 1.013441213,
2169.193546479, 1.012865846,
2169.213978121, 1.013033502,
2169.234409863, 1.014553883,
2169.254841705, 1.013814347,
2169.275273346, 1.012512652,
2169.316136928, 1.012672680,
2169.336568568, 1.014728101,
2169.357000308, 1.013977189,
2169.377432147, 1.014907198,
2169.397863787, 1.012892187,
2169.418295626, 1.013272545,
2169.438727364, 1.015849515,
2169.459159103, 1.012839365,
2169.479590841, 1.014044701,
2169.500022478, 1.016462520,
2169.520454316, 1.014412889,
2169.561317790, 1.014955762,
2169.581749426, 1.018045634,
2169.602181262, 1.016162868,
2169.622612998, 1.014288028,
2169.643044634, 1.017093261,
2169.663476469, 1.012028325,
2169.683908204, 1.073091245,
2169.724771673, 1.014445207,
2169.745203406, 1.015082609,
2169.765635040, 1.015183050,
2169.806498606, 1.018461227,
2169.826930239, 1.016862244,
2169.847362071, 1.015116046,
2169.867793803, 1.016198290,
2169.888225635, 1.016470017,
2169.908657266, 1.015143579,
2169.929088998, 1.019982914,
2169.949520828, 1.015666119,
2169.969952459, 1.018396412,
2169.990384189, 1.016530511,
2170.010816019, 1.016931028,
2170.051679378, 1.014694252,
2170.072111207, 1.015200676,
2170.092542935, 1.017807870,
2170.112974564, 1.016146125,
2170.133406392, 1.016093484,
2170.153838119, 1.015999737,
2170.174269747, 1.019200337,
2170.194701574, 1.017877231,
2170.215133301, 1.015349177,
2170.235564927, 1.018108814,
2170.255996753, 1.022467402,
2170.296860105, 1.016733543,
2170.317291930, 1.014787459,
2170.337723555, 1.018547625,
2170.358155279, 1.016879938,
2170.378587103, 1.016391258,
2170.399018828, 1.017479280,
2170.419450551, 1.016210137,
2170.439882275, 1.017326310,
2170.460313998, 1.015774792,
2170.480745720, 1.018857508,
2170.501177443, 1.017601791,
2170.521609165, 1.017194244,
2170.542040987, 1.018415641,
2170.562472608, 1.013245475,
2170.582904330, 1.015842976,
2170.603336151, 1.014671078,
2170.623767771, 1.018189930,
2170.644199492, 1.018297572,
2170.664631312, 1.020225068,
2170.685062931, 1.016611198,
2170.705494651, 1.018839563,
2170.725926470, 1.019125649,
2170.746358089, 1.015569250,
2170.787221625, 1.016893328,
2170.807653243, 1.016895638,
2170.828084961, 1.017629137,
2170.848516778, 1.017764755,
2170.868948495, 1.018466906,
2170.889380212, 1.018666135,
2170.909811928, 1.018718691,
2170.930243645, 1.016702817,
2170.950675360, 1.016785347,
2170.971107076, 1.017108412,
2170.991538691, 1.019791805,
2171.032402220, 1.020318949,
2171.052833835, 1.013881470,
2171.073265649, 1.018836531,
2171.093697362, 1.014485628,
2171.114128976, 1.019119934,
2171.134560789, 1.020039206,
2171.154992502, 1.016306575,
2171.195855927, 1.019396190,
2171.216287638, 1.020609639,
2171.236719350, 1.017581199,
2171.277582772, 1.018174723,
2171.298014483, 1.018101622,
2171.318446193, 1.019474124,
2171.338877904, 1.019067610,
2171.359309713, 1.019039790,
2171.379741423, 1.019387173,
2171.400173032, 1.017856172,
2171.420604841, 1.017249091,
2171.441036550, 1.020872931,
2171.461468158, 1.017052736,
2171.481899966, 1.018203001,
2171.522763281, 1.017416219,
2171.543195089, 1.018579788,
2171.563626796, 1.016217218,
2171.584058402, 1.019949042,
2171.604490208, 1.021956149,
2171.624921914, 1.019358378,
2171.645353520, 1.020531877,
2171.665785326, 1.018305837,
2171.686217031, 1.019801814,
2171.706648636, 1.018116982,
2171.727080440, 1.020269635,
2171.747512144, 1.017361128,
2171.767943748, 1.017367587,
2171.788375552, 1.016074981,
2171.808807255, 1.020813305,
2171.829238959, 1.018177238,
2171.849670661, 1.019116390,
2171.870102364, 1.018994556,
2171.890534066, 1.019188538,
2171.910965768, 1.020017347,
2171.931397470, 1.021429406,
2171.951829271, 1.019288109,
2171.972260872, 1.019418550,
2172.033555974, 1.019458540,
2172.053987673, 1.021432354,
2172.074419473, 1.018364719,
2172.094851072, 1.020978432,
2172.115282771, 1.019974025,
2172.135714570, 1.020729691,
2172.176577867, 1.022688184,
2172.197009665, 1.022430505,
2172.217441362, 1.020529561,
2172.258304757, 1.022039430,
2172.278736454, 1.020346654,
2172.299168150, 1.019755273,
2172.319599846, 1.021863962,
2172.340031542, 1.019226392,
2172.360463238, 1.021112684,
2172.380894933, 1.017824870,
2172.401326628, 1.019835765,
2172.421758323, 1.021107924,
2172.442190017, 1.020275879,
2172.462621711, 1.024414076,
2172.483053405, 1.020504716,
2172.503485099, 1.020944869,
2172.523916692, 1.019723920,
2172.544348486, 1.021262855,
2172.564780178, 1.022184074,
2172.585211871, 1.019180907,
2172.605643563, 1.018494936,
2172.626075255, 1.020242531,
2172.646506947, 1.022860403,
2172.666938638, 1.019411464,
2172.687370329, 1.021270452,
2172.707802120, 1.022027465,
2172.748665401, 1.021247130,
2172.769097191, 1.020886945,
2172.789528880, 1.020417968,
2172.809960470, 1.021151505,
2172.830392259, 1.021777428,
2172.850823948, 1.021835279,
2172.871255536, 1.023418140,
2172.891687325, 1.019635891,
2172.912119013, 1.020864758,
2172.932550600, 1.020294715,
2172.952982388, 1.020111158,
2172.973414075, 1.021014743,
2172.993845662, 1.017843266,
2173.014277449, 1.021369616,
2173.034709135, 1.021738055,
2173.055140821, 1.019404653,
2173.075572507, 1.020597167,
2173.096004193, 1.016893790,
2173.116435878, 1.021426884,
2173.136867563, 1.021834505,
2173.157299248, 1.021347421,
2173.177730932, 1.022483943,
2173.198162616, 1.027115667,
2173.239026084, 1.022780402,
2173.259457667, 1.020376704,
2173.279889350, 1.022645686,
2173.300321133, 1.021496327,
2173.320752715, 1.023705817,
2173.341184398, 1.020959532,
2173.361616180, 1.021101051,
2173.382047761, 1.020312973,
2173.402479443, 1.021813641,
2173.422911224, 1.021181795,
2173.443342805, 1.020929098,
2173.484206266, 1.022046725,
2173.504637846, 1.022272077,
2173.525069526, 1.021164515,
2173.545501305, 1.024024641,
2173.565932884, 1.025044616,
2173.586364663, 1.022137649,
2173.606796342, 1.030164723,
2173.627228021, 1.021722854,
2173.647659699, 1.021024023,
2173.668091377, 1.020396677,
2173.688523054, 1.022491956,
2173.729386409, 1.021798340,
2173.749818086, 1.021451487,
2173.770249862, 1.022910127,
2173.790681439, 1.024859196,
2173.811113115, 1.022455260,
2173.831544890, 1.019430766,
2173.851976466, 1.021827409,
2173.872408141, 1.022194556,
2173.892839816, 1.023075484,
2173.913271491, 1.021435154,
2173.933703065, 1.021345626,
2173.954134839, 1.023338486,
2173.974566513, 1.024557512,
2173.994998287, 1.023286516,
2174.015429860, 1.021966373,
2174.035861533, 1.023184470,
2174.056293306, 1.020929765,
2174.076724979, 1.022410293,
2174.097156551, 1.022613369,
2174.117588323, 1.022303125,
2174.138019995, 1.021101511,
2174.158451567, 1.025722695,
2174.178883338, 1.022927415,
2174.219746580, 1.022948278,
2174.240178350, 1.023327802,
2174.260610020, 1.022384677,
2174.281041590, 1.021215329,
2174.321905029, 1.020669216,
2174.342336598, 1.022134644,
2174.362768367, 1.021446959,
2174.383200036, 1.019752070,
2174.403631604, 1.022239820,
2174.424063373, 1.023489198,
2174.464926808, 1.024749611,
2174.485358375, 1.023201790,
2174.505790042, 1.023178489,
2174.526221709, 1.020806243,
2174.546653476, 1.022778638,
2174.567085042, 1.023685514,
2174.587516708, 1.021247794,
2174.607948374, 1.023543938,
2174.628380039, 1.021747474,
2174.648811805, 1.023566172,
2174.669243370, 1.020979066,
2174.689675034, 1.024302335,
2174.710106799, 1.025143948,
2174.730538363, 1.022724027,
2174.750970027, 1.020492407,
2174.771401791, 1.024018930,
2174.791833354, 1.025290698,
2174.812265018, 1.022682058,
2174.832696780, 1.022635368,
2174.853128343, 1.021795811,
2174.873560106, 1.023194005,
2174.893991768, 1.018639907,
2174.914423430, 1.021521127,
2174.955286753, 1.020258906,
2174.975718414, 1.024517970,
2174.996150075, 1.022302942,
2175.016581736, 1.024030224,
2175.037013396, 1.024393946,
2175.057445156, 1.023802412,
2175.077876716, 1.024983158,
2175.098308376, 1.022291218,
2175.118740135, 1.023848519,
2175.139171695, 1.025482618,
2175.159603353, 1.024374126,
2175.200466671, 1.022677059,
2175.220898329, 1.023435188,
2175.241330086, 1.024011589,
2175.261761644, 1.026110759,
2175.282193402, 1.024063208,
2175.302625059, 1.024671266,
2175.323056616, 1.022795622,
2175.343488372, 1.025292176,
2175.363919929, 1.024348623,
2175.384351585, 1.027790330,
2175.404783341, 1.024348884,
2175.466078307, 1.023298254,
2175.486509962, 1.025868635,
2175.506941517, 1.024821968,
2175.527373271, 1.023678493,
2175.547804925, 1.024703969,
2175.568236479, 1.025506990,
2175.588668233, 1.023969153,
2175.609099886, 1.024782172,
2175.629531440, 1.025771633,
2175.649963192, 1.025965091,
2175.670394845, 1.026656442,
2175.690826598, 1.023690941,
2175.711258150, 1.023877707,
2175.731689802, 1.024068169,
2175.752121554, 1.023238466,
2175.772553105, 1.024590806,
2175.792984756, 1.026225046,
2175.813416507, 1.025504737,
2175.833848058, 1.027123499,
2175.854279708, 1.024620154,
2175.874711459, 1.022766641,
2175.895143109, 1.024559093,
2175.915574659, 1.026109101,
2175.936006408, 1.024456007,
2175.956438057, 1.025474063,
2175.976869606, 1.025326365,
2175.997301355, 1.027109770,
2176.017732904, 1.025814198,
2176.038164552, 1.025866137,
2176.058596300, 1.024240940,
2176.079027948, 1.024937160,
2176.099459595, 1.026001594,
2176.119891243, 1.023796226,
2176.140322790, 1.025845987,
2176.181186183, 1.025657026,
2176.201617730, 1.027002291,
2176.222049476, 1.025280519,
2176.242481122, 1.025698303,
2176.262912668, 1.024763823,
2176.283344413, 1.033396760,
2176.303776058, 1.026484541,
2176.324207703, 1.026374976,
2176.344639348, 1.028977116,
2176.365070992, 1.026349677,
2176.426365925, 1.024277369,
2176.446797568, 1.025150922,
2176.467229311, 1.025658845,
2176.487660854, 1.026564345,
2176.508092598, 1.023451908,
2176.528524240, 1.024428398,
2176.548955783, 1.027734319,
2176.569387525, 1.026404291,
2176.589819167, 1.027650536,
2176.610250708, 1.027053684,
2176.630682450, 1.026310166,
2176.671545632, 1.024673876,
2176.691977373, 1.024662962,
2176.712409013, 1.027902883,
2176.732840553, 1.024253284,
2176.773703833, 1.026769530,
2176.794135473, 1.024855170,
2176.814567212, 1.030609111,
2176.834998851, 1.028276973,
2176.855430390, 1.027825186,
2176.875862129, 1.025302963,
2176.896293767, 1.023961390,
2176.916725405, 1.026398483,
2176.937157043, 1.026488581,
2176.957588681, 1.023373059,
2176.978020419, 1.024338827,
2176.998451956, 1.024012851,
2177.018883593, 1.026704586,
2177.039315330, 1.028944868,
2177.059746866, 1.026439719,
2177.080178503, 1.027806858,
2177.100610239, 1.026334663,
2177.121041775, 1.027309561,
2177.161905146, 1.026787965,
2177.182336681, 1.028291853,
2177.202768316, 1.027991104,
2177.223200050, 1.024964204,
2177.243631585, 1.026735983,
2177.264063219, 1.028641395,
2177.284494954, 1.027351207,
2177.304926587, 1.027777793,
2177.325358221, 1.026413169,
2177.345789854, 1.026924176,
2177.366221488, 1.027014153,
2177.407084753, 1.025101888,
2177.427516386, 1.027600988,
2177.447948118, 1.028087805,
2177.468379650, 1.023966922,
2177.488811282, 1.028872375,
2177.509242914, 1.025254755,
2177.529674545, 1.028402182,
2177.550106076, 1.027792202,
2177.570537807, 1.027020455,
2177.590969438, 1.024547458,
2177.611400968, 1.026493097,
2177.652264328, 1.027416120,
2177.672695958, 1.029516612,
2177.693127588, 1.025793651,
2177.713559217, 1.026248956,
2177.733990946, 1.025902417,
2177.754422475, 1.028033980,
2177.774854104, 1.028709381,
2177.795285833, 1.026224813,
2177.815717461, 1.025106885,
2177.836148989, 1.027770576,
2177.856580717, 1.027787531,
2177.897443872, 1.026624719,
2177.917875599, 1.027618442,
2177.938307226, 1.028155937,
2177.958738753, 1.026221480,
2177.979170479, 1.033238232,
2177.999602106, 1.028318346,
2178.020033632, 1.027030954,
2178.040465358, 1.027969955,
2178.060896983, 1.031547072,
2178.081328509, 1.029035696,
2178.101760234, 1.029957108,
2178.122191859, 1.027685337,
2178.142623484, 1.027038929,
2178.163055108, 1.029391895,
2178.183486733, 1.028499775,
2178.203918357, 1.026933824,
2178.224349981, 1.028938574,
2178.244781605, 1.027389466,
2178.265213228, 1.026226222,
2178.285644851, 1.030622827,
2178.306076474, 1.028593731,
2178.326508098, 1.029479593,
2178.346939720, 1.028014003,
2178.367371342, 1.029718104,
2178.387803065, 1.027069294,
2178.408234587, 1.027989061,
2178.428666208, 1.027646832,
2178.449097930, 1.027234297,
2178.469529452, 1.028377299,
2178.489961073, 1.027090042,
2178.510392794, 1.030565732,
2178.530824314, 1.028456944,
2178.551256035, 1.030296393,
2178.571687655, 1.027435336,
2178.592119176, 1.028747682,
2178.632982515, 1.029493478,
2178.653414135, 1.026360135,
2178.673845754, 1.026747277,
2178.694277373, 1.030064970,
2178.735140610, 1.028091037,
2178.755572229, 1.029776154,
2178.776003847, 1.028922988,
2178.796435565, 1.029977134,
2178.816867083, 1.030125795,
2178.837298700, 1.027607902,
2178.857730418, 1.027933808,
2178.878161935, 1.031443687,
2178.898593652, 1.028885853,
2178.919025169, 1.028528799,
2178.939456786, 1.026366820,
2178.959888502, 1.026490266,
2178.980320018, 1.029265705,
2179.000751634, 1.027886239,
2179.021183350, 1.030674827,
2179.041614865, 1.027920318,
2179.062046481, 1.031212182,
2179.082478196, 1.028776854,
2179.123341326, 1.030713556,
2179.143773040, 1.029274157,
2179.164204555, 1.027616856,
2179.184636169, 1.028321112,
2179.205067883, 1.030248734,
2179.225499496, 1.030374476,
2179.266362723, 1.029824616,
2179.286794336, 1.028713346,
2179.307226049, 1.028853853,
2179.327657562, 1.027976312,
2179.368520887, 1.028155859,
2179.388952399, 1.029526182,
2179.409384011, 1.027539207,
2179.429815723, 1.029636351,
2179.450247234, 1.029703013,
2179.470678845, 1.029285463,
2179.491110557, 1.030828406,
2179.511542068, 1.027879056,
2179.531973678, 1.029123278,
2179.552405389, 1.030777414,
2179.572836899, 1.030170108,
2179.593268509, 1.030173485,
2179.613700219, 1.025871115,
2179.634131729, 1.030633278,
2179.654563438, 1.030098297,
2179.674995048, 1.030420530,
2179.695426557, 1.030456882,
2179.715858266, 1.027416118,
2179.736289875, 1.031900940,
2179.756721383, 1.030045327,
2179.777153091, 1.030399509,
2179.818016208, 1.031030369,
2179.838447915, 1.032290499,
2179.858879523, 1.031165816,
2179.879311030, 1.030244656,
2179.899742738, 1.027907512,
2179.920174345, 1.032316165,
2179.940605851, 1.029641875,
2179.961037558, 1.029828316,
2179.981469164, 1.032853035,
2180.001900871, 1.031532355,
2180.022332377, 1.032170153,
2180.042763982, 1.030798144,
2180.063195688, 1.029747270,
2180.104058799, 1.030825620,
2180.124490504, 1.029832809,
2180.144922109, 1.029679354,
2180.165353614, 1.029056325,
2180.185785318, 1.028389639,
2180.206216922, 1.032150723,
2180.226648427, 1.030160300,
2180.247080130, 1.032762472,
2180.267511734, 1.032866922,
2180.287943238, 1.032938146,
2180.308374941, 1.031165171,
2180.349238047, 1.032337904,
2180.369669750, 1.030791734,
2180.390101253, 1.030932286,
2180.410532955, 1.032789870,
2180.430964557, 1.032641346,
2180.451396059, 1.030970938,
2180.471827761, 1.031257762,
2180.492259363, 1.030265675,
2180.512690964, 1.031471088,
2180.533122566, 1.031268219,
2180.553554167, 1.029214826,
2180.573985768, 1.031791477,
2180.594417368, 1.034561920,
2180.614848969, 1.032951359,
2180.635280569, 1.032702383,
2180.655712270, 1.035158446,
2180.676143770, 1.036914589,
2180.696575369, 1.032156728,
2180.737438569, 1.032821717,
2180.757870268, 1.032403099,
2180.778301867, 1.033087842,
2180.798733366, 1.034611540,
2180.819165065, 1.034720350,
2180.839596663, 1.031526292,
2180.860028162, 1.029912735,
2180.880459860, 1.031029120,
2180.900891458, 1.033478752,
2180.921322955, 1.032068167,
2180.941754653, 1.030538729,
2180.962186250, 1.033292543,
2180.982617848, 1.034407877,
2181.003049445, 1.032987420,
2181.023481042, 1.032111101,
2181.043912639, 1.034814892,
2181.064344235, 1.033462944,
2181.084775831, 1.033129666,
2181.105207428, 1.032751296,
2181.125639024, 1.032955515,
2181.146070619, 1.031373846,
2181.166502215, 1.034717115,
2181.186933811, 1.030811156,
2181.207365406, 1.034246725,
2181.227797101, 1.035045421,
2181.248228596, 1.032978602,
2181.268660191, 1.032778784,
2181.289091885, 1.032560977,
2181.329954974, 1.031405860,
2181.350386668, 1.033949472,
2181.370818162, 1.034691154,
2181.391249756, 1.035521860,
2181.411681449, 1.032873830,
2181.432112943, 1.033390713,
2181.452544536, 1.033347259,
2181.472976229, 1.034338830,
2181.493407822, 1.033767039,
2181.513839414, 1.033842036,
2181.534271007, 1.031860415,
2181.554702599, 1.035171420,
2181.575134191, 1.033177236,
2181.595565783, 1.033278470,
2181.615997375, 1.035320096,
2181.636428967, 1.034637851,
2181.656860558, 1.032877751,
2181.677292149, 1.035637048,
2181.697723840, 1.036104892,
2181.718155331, 1.031808711,
2181.738586922, 1.035088559,
2181.759018513, 1.032145593,
2181.779450103, 1.032756105,
2181.820313283, 1.036808148,
2181.840744873, 1.035176531,
2181.861176563, 1.035757247,
2181.881608053, 1.034990367,
2181.902039642, 1.032949759,
2181.922471331, 1.035060875,
2181.942902821, 1.032771614,
2181.963334409, 1.035780762,
2181.983766098, 1.035224031,
2182.004197587, 1.037141228,
2182.024629175, 1.036904703,
2182.045060863, 1.035751196,
2182.065492451, 1.035322554,
2182.085923939, 1.036040074,
2182.106355627, 1.039983729,
2182.126787214, 1.039314112,
2182.147218702, 1.036494771,
2182.167650389, 1.034229318,
2182.188081976, 1.037517799,
2182.208513663, 1.034244746,
2182.228945150, 1.037515655,
2182.249376736, 1.035361145,
2182.269808423, 1.032278701,
2182.290239909, 1.037919385,
2182.310671495, 1.035236828,
2182.331103181, 1.033670136,
2182.351534667, 1.038207121,
2182.371966252, 1.035451994,
2182.392397938, 1.037759372,
2182.412829423, 1.036531165,
2182.433261008, 1.040442574,
2182.453692593, 1.036042643,
2182.474124178, 1.036168470,
2182.494555763, 1.039056767,
2182.514987447, 1.035406383,
2182.535418931, 1.036682560,
2182.555850615, 1.035959422,
2182.576282199, 1.037125895,
2182.596713683, 1.035102095,
2182.617145367, 1.034888046,
2182.637576950, 1.072496106,
2182.658008434, 1.037935353,
2182.678440117, 1.034467521,
2182.698871700, 1.038028935,
2182.719303183, 1.041224964,
2182.739734865, 1.037758830,
2182.760166448, 1.034805695,
2182.801029612, 1.037730676,
2182.821461195, 1.038775167,
2182.841892677, 1.037642217,
2182.862324358, 1.038895180,
2182.882755940, 1.037833572,
2182.903187621, 1.039928636,
2182.923619102, 1.038753672,
2182.944050684, 1.037648949,
2182.964482365, 1.039128410,
2182.984913845, 1.037671650,
2183.005345426, 1.039224206,
2183.025777107, 1.036385038,
2183.046208687, 1.039845024,
2183.066640167, 1.037067067,
2183.087071847, 1.039957812,
2183.107503427, 1.039890146,
2183.127934907, 1.038529665,
2183.148366586, 1.038037224,
2183.189229645, 1.035808445,
2183.209661324, 1.039298548,
2183.230092803, 1.038570676,
2183.250524482, 1.040583055,
2183.291387539, 1.041300345,
2183.311819218, 1.045393929,
2183.332250796, 1.040876479,
2183.352682274, 1.038642158,
2183.373113952, 1.038332121,
2183.393545529, 1.041410679,
2183.413977107, 1.038993498,
2183.434408685, 1.042016198,
2183.454840262, 1.039847450,
2183.495703416, 1.042319664,
2183.536566570, 1.040875143,
2183.556998246, 1.040850684,
2183.577429723, 1.039147029,
2183.597861399, 1.041392300,
2183.618292975, 1.037246644,
2183.638724451, 1.039066995,
2183.659156127, 1.044766958,
2183.679587702, 1.037824243,
2183.700019178, 1.040706946,
2183.720450853, 1.038104752,
2183.740882429, 1.042635389,
2183.781745579, 1.041658832,
2183.802177153, 1.039412830,
2183.822608628, 1.038889959,
2183.843040303, 1.042612167,
2183.863471877, 1.040076426,
2183.883903451, 1.040954577,
2183.904335025, 1.042080713,
2183.924766599, 1.039685819,
2183.945198173, 1.037779424,
2183.965629747, 1.043517965,
2183.986061320, 1.041448354,
2184.006492894, 1.038966266,
2184.026924467, 1.041584072,
2184.047356040, 1.043164111,
2184.067787713, 1.045910205,
2184.088219186, 1.043782775,
2184.108650758, 1.041717512,
2184.129082431, 1.041157439,
2184.149513903, 1.045427139,
2184.169945476, 1.042198321,
2184.190377148, 1.042716375,
2184.210808620, 1.041301962,
2184.231240191, 1.043326461,
2184.272103335, 1.040264037,
2184.292535006, 1.041727739,
2184.312966577, 1.043574865,
2184.333398048, 1.043239897,
2184.353829719, 1.040764823,
2184.374261290, 1.042618503,
2184.394692861, 1.041860993,
2184.415124431, 1.043174364,
2184.435556002, 1.042409275,
2184.455987572, 1.044467705,
2184.476419142, 1.042655759,
2184.496850712, 1.044999719,
2184.517282282, 1.042439786,
2184.537713952, 1.043371367,
2184.558145422, 1.044950160,
2184.578576991, 1.044400390,
2184.599008661, 1.041732111,
2184.619440130, 1.043503175,
2184.639871799, 1.043735281,
2184.660303268, 1.042877643,
2184.680734837, 1.044277986,
2184.701166505, 1.046631340,
2184.721597974, 1.043693545,
2184.742029542, 1.044740063,
2184.762461211, 1.043832245,
2184.782892679, 1.048422230,
2184.803324247, 1.047350494,
2184.823755915, 1.045748466,
2184.844187382, 1.046692822,
2184.864618950, 1.046940952,
2184.885050618, 1.041949753,
2184.905482185, 1.046278743,
2184.925913652, 1.045518252,
2184.946345319, 1.046604015,
2184.966776886, 1.043699322,
2185.007640020, 1.047994908,
2185.028071586, 1.044808376,
2185.048503253, 1.048496780,
2185.068934719, 1.045694236,
2185.089366285, 1.045096407,
2185.109797951, 1.047437952,
2185.130229417, 1.046487534,
2185.150660983, 1.046045788,
2185.171092649, 1.048461269,
2185.191524114, 1.046072996,
2185.211955680, 1.047401029,
2185.252818810, 1.048630783,
2185.273250375, 1.049330316,
2185.293682040, 1.045020174,
2185.314113505, 1.048209304,
2185.334545170, 1.047020807,
2185.354976634, 1.047092470,
2185.375408299, 1.047870864,
2185.395839863, 1.049445036,
2185.416271427, 1.047951272,
2185.436702891, 1.047503231,
2185.457134555, 1.050537395,
2185.518429246, 1.046684070,
2185.538860809, 1.049100719,
2185.559292273, 1.048802115,
2185.579723936, 1.045539070,
2185.600155499, 1.046031459,
2185.620587162, 1.048970419,
2185.641018625, 1.046796631,
2185.661450187, 1.050233855,
2185.681881850, 1.052795412,
2185.702313312, 1.053015716,
2185.722744875, 1.050783882,
2185.743176537, 1.050970684,
2185.763607999, 1.050891051,
2185.784039561, 1.049007113,
2185.804471223, 1.051741845,
2185.824902685, 1.050405164,
2185.845334246, 1.050388344,
2185.865765908, 1.053167730,
2185.886197469, 1.050500040,
2185.906628930, 1.048382442,
2185.927060592, 1.054054131,
2185.947492153, 1.052087136,
2185.967923714, 1.052995509,
2185.988355274, 1.051314928,
2186.008786835, 1.049320966,
2186.049649956, 1.052775093,
2186.070081416, 1.052398045,
2186.090513077, 1.050896109,
2186.110944637, 1.052271767,
2186.131376097, 1.051406373,
2186.151807756, 1.050446298,
2186.172239316, 1.056469747,
2186.192670776, 1.053869888,
2186.213102435, 1.052444550,
2186.233533995, 1.054224004,
2186.253965554, 1.053102176,
2186.274397113, 1.052326936,
2186.294828672, 1.051986989,
2186.315260331, 1.054512537,
2186.335691790, 1.054943190,
2186.356123349, 1.051939845,
2186.376555008, 1.054522740,
2186.396986466, 1.052509422,
2186.417418024, 1.054028686,
2186.437849683, 1.053018851,
2186.458281241, 1.052901440,
2186.478712699, 1.052188974,
2186.499144357, 1.052791418,
2186.519575915, 1.056913098,
2186.540007372, 1.053686354,
2186.560439030, 1.053556871,
2186.580870588, 1.053611817,
2186.601302245, 1.055819906,
2186.621733702, 1.054188885,
2186.642165259, 1.053456529,
2186.662596917, 1.054503104,
2186.683028373, 1.053135572,
2186.723891487, 1.055508155,
2186.744323044, 1.055703417,
2186.764754600, 1.053332147,
2186.785186157, 1.053592511,
2186.805617713, 1.054551750,
2186.826049269, 1.053066828,
2186.846480825, 1.052856495,
2186.866912381, 1.054532756,
2186.887343937, 1.054291835,
2186.907775493, 1.053898102,
2186.928207049, 1.054813034,
2186.948638704, 1.053740706,
2186.969070260, 1.055227819,
2186.989501715, 1.054969413,
2187.009933370, 1.056912551,
2187.030364926, 1.054215990,
2187.050796381, 1.054893802,
2187.071228036, 1.055582435,
2187.091659591, 1.054909188,
2187.112091045, 1.053613424,
2187.132522700, 1.055288862,
2187.152954254, 1.055940892,
2187.173385709, 1.052108845,
2187.214248917, 1.054558496,
2187.234680372, 1.056782424,
2187.255112026, 1.055868730,
2187.275543580, 1.055982171,
2187.295975233, 1.056335765,
2187.316406687, 1.055324004,
2187.336838241, 1.056013879,
2187.357269894, 1.055039078,
2187.377701348, 1.054384681,
2187.398132901, 1.065805111,
2187.418564554, 1.054943630,
2187.438996008, 1.056048093,
2187.459427561, 1.055327420,
2187.479859214, 1.055633877,
2187.500290667, 1.054892118,
2187.520722219, 1.056114937,
2187.541153872, 1.055268091,
2187.561585325, 1.056704898,
2187.582016977, 1.059699323,
2187.622879982, 1.056880590,
2187.643311634, 1.055987402,
2187.663743186, 1.056451010,
2187.684174638, 1.058448681,
2187.704606290, 1.057314373,
2187.725037842, 1.056775551,
2187.745469293, 1.056182192,
2187.765900945, 1.057278600,
2187.786332496, 1.057537965,
2187.806764048, 1.059496620,
2187.827195599, 1.057900715,
2187.847627151, 1.057567296,
2187.868058802, 1.056369069,
2187.888490253, 1.057963208,
2187.929353455, 1.059353196,
2187.949785005, 1.059794833,
2187.970216456, 1.056946250,
2187.990648107, 1.058630728,
2188.011079657, 1.058510315,
2188.031511108, 1.059135501,
2188.051942758, 1.058589614,
2188.072374308, 1.058644541,
2188.092805758, 1.058367619,
2188.113237408, 1.059235706,
2188.133668958, 1.059494024,
2188.154100408, 1.059045064,
2188.174532058, 1.059140121,
2188.194963508, 1.060259311,
2188.215395157, 1.057088720,
2188.235826707, 1.059203491,
2188.256258156, 1.061017456,
2188.276689805, 1.060374313,
2188.297121355, 1.059312239,
2188.317552904, 1.061025262,
2188.337984453, 1.059749621,
2188.358416002, 1.059158247,
2188.378847551, 1.062053515,
2188.399279100, 1.059203244,
2188.419710649, 1.063123823,
2188.440142197, 1.059617931,
2188.460573846, 1.062387266,
2188.481005294, 1.059251417,
2188.501436943, 1.062201367,
2188.521868491, 1.058408374,
2188.542299939, 1.061139347,
2188.562731587, 1.062475529,
2188.583163135, 1.061280623,
2188.603594583, 1.061786452,
2188.624026231, 1.062117696,
2188.644457779, 1.065944674,
2188.664889227, 1.059922558,
2188.685320875, 1.062330934,
2188.705752422, 1.060222737,
2188.726183870, 1.059598032,
2188.746615517, 1.060899021,
2188.767047064, 1.061132718,
2188.787478712, 1.060840291,
2188.807910159, 1.061785987,
2188.828341706, 1.062469060,
2188.848773253, 1.062464924,
2188.869204800, 1.061067779,
2188.889636347, 1.060823986,
2188.930499440, 1.063474476,
2188.950930987, 1.062119499,
2188.971362633, 1.062773089,
2188.991794080, 1.063722709,
2189.012225626, 1.062568694,
2189.032657272, 1.062239179,
2189.093951911, 1.061007749,
2189.114383357, 1.062453168,
2189.134815003, 1.064598484,
2189.196109640, 1.064073829,
2189.216541186, 1.061491687,
2189.236972631, 1.063779056,
2189.257404277, 1.061822488,
2189.277835822, 1.063281435,
2189.298267367, 1.063064054,
2189.318698913, 1.061804714,
2189.339130458, 1.064077451,
2189.359562003, 1.064730163,
2189.379993548, 1.062414605,
2189.400425093, 1.064178194,
2189.420856738, 1.064581575,
2189.441288282, 1.062167908,
2189.461719727, 1.062825807,
2189.482151372, 1.064152349,
2189.502582916, 1.061736190,
2189.523014361, 1.065101671,
2189.543446005, 1.064355254,
2189.563877550, 1.064626628,
2189.584308994, 1.064767685,
2189.604740638, 1.064998805,
2189.625172083, 1.064826656,
2189.645603627, 1.064557831,
2189.666035271, 1.063922044,
2189.686466715, 1.065795266,
2189.706898359, 1.063835964,
2189.727329902, 1.064856589,
2189.747761346, 1.067315481,
2189.768192990, 1.066668863,
2189.788624533, 1.062836753,
2189.809056077, 1.062491357,
2189.829487620, 1.065926425,
2189.849919164, 1.066972969,
2189.870350707, 1.065914300,
2189.890782250, 1.065393342,
2189.911213794, 1.067866314,
2189.931645337, 1.066398970,
2189.952076980, 1.065193874,
2189.972508423, 1.067579672,
2189.992940066, 1.065938501,
2190.013371609, 1.065818548,
2190.033803052, 1.063240958,
2190.054234694, 1.062590261,
2190.074666237, 1.064015899,
2190.095097680, 1.064766119,
2190.115529322, 1.066534114,
2190.135960865, 1.067334587,
2190.176823950, 1.064987026,
2190.197255492, 1.065949815,
2190.217686934, 1.064942370,
2190.238118576, 1.071900284,
2190.258550019, 1.071753599,
2190.278981661, 1.067656121,
2190.299413203, 1.068286551,
2190.319844645, 1.066405436,
2190.340276286, 1.065908478,
2190.360707828, 1.069250015,
2190.381139370, 1.066314894,
2190.422002453, 1.064573611,
2190.442433995, 1.069126704,
2190.462865537, 1.069772065,
2190.483297078, 1.064307021,
2190.503728620, 1.067883262,
2190.544591702, 1.071711010,
2190.565023343, 1.068225274,
2190.585454885, 1.067372923,
2190.605886326, 1.070284428,
2190.646749508, 1.067635137,
2190.667180949, 1.067432972,
2190.687612590, 1.068382653,
2190.708044131, 1.067811047,
2190.728475571, 1.068184457,
2190.748907212, 1.067892207,
2190.769338753, 1.068565350,
2190.830633374, 1.065656864,
2190.851065015, 1.070388946,
2190.871496455, 1.067152121,
2190.891927996, 1.069476172,
2190.912359636, 1.069908544,
2190.932791076, 1.069031391,
2190.953222616, 1.070915816,
2190.973654257, 1.068997136,
2190.994085697, 1.067871770,
2191.014517237, 1.069476281,
2191.034948877, 1.069199456,
2191.055380317, 1.070725812,
2191.075811857, 1.067880346,
2191.096243496, 1.070190499,
2191.137106576, 1.068112092,
2191.157538116, 1.069563379,
2191.177969555, 1.072783529,
2191.198401195, 1.066346535,
2191.218832734, 1.070366146,
2191.239264174, 1.068532118,
2191.259695813, 1.070594012,
2191.280127353, 1.072319014,
2191.300558792, 1.065245590,
2191.320990431, 1.070602793,
2191.341421971, 1.070796786,
2191.361853510, 1.067671452,
2191.382285049, 1.070979791,
2191.402716588, 1.071307468,
2191.423148227, 1.071955660,
2191.443579766, 1.072852808,
2191.464011205, 1.070720646,
2191.484442844, 1.071110778,
2191.504874383, 1.073366209,
2191.525305822, 1.072029378,
2191.545737461, 1.071778595,
2191.566168999, 1.071172385,
2191.586600438, 1.073912464,
2191.627463515, 1.073464621,
2191.647895054, 1.072469506,
2191.668326693, 1.073371388,
2191.688758231, 1.071437315,
2191.709189770, 1.070795708,
2191.729621308, 1.071505785,
2191.750052746, 1.071266461,
2191.770484385, 1.073731258,
2191.790915923, 1.071637024,
2191.811347361, 1.073559857,
2191.831778999, 1.070968648,
2191.852210538, 1.072969729,
2191.872642076, 1.073877990,
2191.893073614, 1.074238683,
2191.913505152, 1.072115154,
2191.933936790, 1.072212610,
2191.954368228, 1.073349778,
2191.974799766, 1.072877890,
2191.995231404, 1.075646948,
2192.015662941, 1.071238761,
2192.036094379, 1.075714844,
2192.056526017, 1.072145202,
2192.076957555, 1.074312372,
2192.117820630, 1.074250640,
2192.138252168, 1.075397099,
2192.158683605, 1.075466574,
2192.179115243, 1.072200653,
2192.199546780, 1.076419713,
2192.219978418, 1.074399960,
2192.240409855, 1.075299454,
2192.260841393, 1.075820488,
2192.281273030, 1.074800380,
2192.301704467, 1.072319424,
2192.322136005, 1.074325481,
2192.342567642, 1.075353448,
2192.362999079, 1.075262504,
2192.383430616, 1.074181865,
2192.403862153, 1.074540644,
2192.424293691, 1.073698360,
2192.444725228, 1.075890900,
2192.465156765, 1.075519491,
2192.485588302, 1.075692077,
2192.506019939, 1.073805895,
2192.526451476, 1.077327479,
2192.546882913, 1.075375806,
2192.567314550, 1.076388833,
2192.608177523, 1.074936179,
2192.628609160, 1.077144959,
2192.649040697, 1.079570493,
2192.669472134, 1.076929693,
2192.689903770, 1.075346671,
2192.710335307, 1.075805031,
2192.730766944, 1.078340017,
2192.751198381, 1.074419111,
2192.771629917, 1.076819001,
2192.792061554, 1.074958072,
2192.873787600, 1.078876694,
2192.894219136, 1.076602629,
2192.914650773, 1.075620738,
2192.935082209, 1.078798008,
2192.955513745, 1.075459163,
2192.975945382, 1.078788614,
2192.996376818, 1.076102751,
2193.016808454, 1.077706634,
2193.037239991, 1.075305281,
2193.057671527, 1.077066498,
2193.098534599, 1.077358059,
2193.118966035, 1.080078033,
2193.139397672, 1.077881559,
2193.180260644, 1.076753566,
2193.200692280, 1.078802253,
2193.221123816, 1.078926478,
2193.241555452, 1.077220956,
2193.261986888, 1.077190272,
2193.282418424, 1.078156522,
2193.302850060, 1.076025937,
2193.343713032, 1.075989249,
2193.364144668, 1.078314624,
2193.384576104, 1.078614160,
2193.405007639, 1.078534092,
2193.425439275, 1.079102747,
2193.445870711, 1.077478535,
2193.466302247, 1.078708726,
2193.486733883, 1.079696126,
2193.507165418, 1.079711788,
2193.527596954, 1.078897979,
2193.548028490, 1.078089186,
2193.588891561, 1.078308240,
2193.609323097, 1.080302108,
2193.629754633, 1.078093944,
2193.650186268, 1.078288959,
2193.670617704, 1.076861155,
2193.691049240, 1.079905910,
2193.711480875, 1.080055170,
2193.731912311, 1.079330594,
2193.752343846, 1.078078368,
2193.772775382, 1.080957065,
2193.793206917, 1.078311594,
2193.834069988, 1.078815040,
2193.854501524, 1.079002672,
2193.874933159, 1.078257292,
2193.895364595, 1.080587778,
2193.915796130, 1.079930752,
2193.936227766, 1.081517381,
2193.956659201, 1.080136317,
2193.977090737, 1.079267718,
2193.997522372, 1.080646902,
2194.017953807, 1.080510221,
2194.038385443, 1.080708792,
2194.079248514, 1.079827567,
2194.099680049, 1.082397910,
2194.120111584, 1.080216803,
2194.140543120, 1.079950786,
2194.160974755, 1.081269894,
2194.181406190, 1.079933431,
2194.201837725, 1.079785813,
2194.222269361, 1.080738027,
2194.242700796, 1.082512268,
2194.263132331, 1.082487006,
2194.283563966, 1.080660479,
2194.303995402, 1.080913660,
2194.324427037, 1.082228776,
2194.344858572, 1.081395345,
2194.365290007, 1.081244315,
2194.385721643, 1.080975538,
2194.406153078, 1.083403139,
2194.426584613, 1.082444229,
2194.447016248, 1.082550903,
2194.467447683, 1.081878242,
2194.487879219, 1.080359410,
2194.508310854, 1.080778520,
2194.528742389, 1.086204851,
2194.569605459, 1.080551073,
2194.610468530, 1.080519314,
2194.630900065, 1.084243215,
2194.651331600, 1.080904606,
2194.671763235, 1.081674069,
2194.692194670, 1.083410729,
2194.712626205, 1.077487281,
2194.733057841, 1.082470576,
2194.753489276, 1.080920982,
2194.773920911, 1.083069624,
2194.814783881, 1.083188706,
2194.835215516, 1.082835395,
2194.855647051, 1.081870949,
2194.876078487, 1.082066208,
2194.896510122, 1.081350962,
2194.916941657, 1.083479875,
2194.937373092, 1.081397582,
2194.957804727, 1.084145750,
2194.978236262, 1.082240201,
2194.998667797, 1.081533877,
2195.019099332, 1.080888910,
2195.080393938, 1.081135587,
2195.100825473, 1.083035154,
2195.121257008, 1.081868221,
2195.141688543, 1.083167888,
2195.162120078, 1.084390898,
2195.182551614, 1.082064289,
2195.202983149, 1.082775245,
2195.223414684, 1.084382433,
2195.243846319, 1.081672479,
2195.264277754, 1.081006267,
2195.284709389, 1.083805341,
2195.305140925, 1.077542327,
2195.325572360, 1.084588019,
2195.346003995, 1.082774680,
2195.366435530, 1.083695303,
2195.386866965, 1.082891392,
2195.407298601, 1.082452153,
2195.427730136, 1.083683876,
2195.448161571, 1.083267755,
2195.468593206, 1.081179332,
2195.489024741, 1.082388653,
2195.509456377, 1.082297677,
2195.550319347, 1.083602917,
2195.570750982, 1.083814758,
2195.591182418, 1.084699496,
2195.611613953, 1.084237439,
2195.632045588, 1.084007385,
2195.652477024, 1.084945222,
2195.672908559, 1.085204490,
2195.693340194, 1.082816991,
2195.713771730, 1.084851749,
2195.734203265, 1.083181345,
2195.754634800, 1.084958645,
2195.795497871, 1.086276985,
2195.815929407, 1.084198865,
2195.836360842, 1.084472445,
2195.856792477, 1.083769529,
2195.877224013, 1.082481219,
2195.897655448, 1.084066416,
2195.918087084, 1.084721359,
2195.938518619, 1.087400510,
2195.958950255, 1.086547076,
2195.979381690, 1.086920250,
2195.999813226, 1.087695602,
2196.061107832, 1.085637905,
2196.081539468, 1.085028505,
2196.101970904, 1.085981689,
2196.122402439, 1.084012524,
2196.142834075, 1.082521398,
2196.163265510, 1.085897209,
2196.183697046, 1.083173425,
2196.204128682, 1.084299743,
2196.224560217, 1.086513779,
2196.244991753, 1.084951076,
2196.285854825, 1.086722269,
2196.306286360, 1.086871294,
2196.326717896, 1.089376195,
2196.347149432, 1.085367695,
2196.367581068, 1.087201816,
2196.388012504, 1.086221003,
2196.408444039, 1.086266041,
2196.428875575, 1.089063642,
2196.449307111, 1.087918039,
2196.469738747, 1.086816563,
2196.490170183, 1.089206062,
2196.531033355, 1.087391423,
2196.551464791, 1.086822236,
2196.571896327, 1.088516303,
2196.592327963, 1.088605517,
2196.612759399, 1.087353576,
2196.633190935, 1.088972236,
2196.653622571, 1.088374849,
2196.674054008, 1.087282405,
2196.694485644, 1.087053417,
2196.714917180, 1.082251510,
2196.735348716, 1.089517701,
2196.776211789, 1.088653741,
2196.796643325, 1.089254089,
2196.817074861, 1.088244998,
2196.837506398, 1.089713520,
2196.857937934, 1.090045230,
2196.878369570, 1.089213234,
2196.919232643, 1.089909228,
2196.939664180, 1.088222976,
2196.960095616, 1.091940186,
2196.980527253, 1.105560755,
2197.021390226, 1.087917283,
2197.041821862, 1.088778147,
2197.062253399, 1.088231988,
2197.082684836, 1.091066176,
2197.103116472, 1.093180080,
2197.123548009, 1.091467306,
2197.164411083, 1.089652686,
2197.184842519, 1.092325236,
2197.205274156, 1.090878535,
2197.225705693, 1.084685779,
2197.266568767, 1.091085782,
2197.287000304, 1.092974537,
2197.307431841, 1.092630890,
2197.327863378, 1.092255710,
2197.348294915, 1.091311862,
2197.368726552, 1.092279889,
2197.389158089, 1.089686422,
2197.409589526, 1.091559847,
2197.430021164, 1.090872653,
2197.450452701, 1.092336168,
2197.470884138, 1.094237187,
2197.593473563, 1.089799518,
2197.613905000, 1.091920693,
2197.634336538, 1.093329295,
2197.654768175, 1.092258344,
2197.675199613, 1.094225651,
2197.695631151, 1.094495815,
2197.716062788, 1.089847461,
2197.756925764, 1.097067942,
2197.777357402, 1.097167303,
2197.797788839, 1.094058462,
2197.818220477, 1.094321608,
2197.838651915, 1.095361737,
2197.859083553, 1.092451951,
2197.879515091, 1.093401918,
2197.899946529, 1.093239897,
2197.920378067, 1.095118243,
2197.940809705, 1.097815689,
2197.961241244, 1.093240150,
2198.002104320, 1.094836114,
2198.022535858, 1.095523352,
2198.042967397, 1.095335045,
2198.063398935, 1.095155762,
2198.083830473, 1.094739253,
2198.104262112, 1.094248005,
2198.124693550, 1.094083205,
2198.145125089, 1.095562187,
2198.165556727, 1.096392584,
2198.185988166, 1.095993425,
2198.206419705, 1.093814567,
2198.247282782, 1.093540264,
2198.267714421, 1.095371862,
2198.288145960, 1.095517111,
2198.308577399, 1.095435079,
2198.329009038, 1.100257014,
2198.349440577, 1.096502211,
2198.369872116, 1.099153543,
2198.390303655, 1.096632796,
2198.410735194, 1.095451143,
2198.431166733, 1.095471277,
2198.451598272, 1.094330112,
2198.492461351, 1.097498887,
2198.512892890, 1.095661896,
2198.533324430, 1.096454069,
2198.553755969, 1.098711845,
2198.574187509, 1.097293755,
2198.594619048, 1.097589652,
2198.615050688, 1.095278801,
2198.635482127, 1.094554149,
2198.655913667, 1.096038122,
2198.676345307, 1.096712122,
2198.696776747, 1.096815723,
2198.737639926, 1.098927014,
2198.758071366, 1.097951021,
2198.778503006, 1.099583682,
2198.798934546, 1.098492205,
2198.819365986, 1.098570110,
2198.839797627, 1.098444069,
2198.860229167, 1.097567725,
2198.880660607, 1.098186083,
2198.901092247, 1.098354456,
2198.921523788, 1.096424643,
2198.941955428, 1.096960922,
2199.003250050, 1.096935777,
2199.023681590, 1.097327876,
2199.044113031, 1.099879015,
2199.064544672, 1.099846316,
2199.084976213, 1.100173310,
2199.105407753, 1.097029227,
2199.125839294, 1.098877914,
2199.146270835, 1.099716597,
2199.166702376, 1.096133362,
2199.187133917, 1.099080321,
2199.227997000, 1.099563334,
2199.248428541, 1.096999476,
2199.268859982, 1.099829745,
2199.289291624, 1.098424221,
2199.309723165, 1.099259742,
2199.330154807, 1.097490682,
2199.350586248, 1.098822506,
2199.371017790, 1.098657198,
2199.391449431, 1.100477012,
2199.411880873, 1.101119173,
2199.432312415, 1.100231909,
2199.452744057, 1.101634503,
2199.473175499, 1.102902463,
2199.493607041, 1.101364118,
2199.514038683, 1.099240170,
2199.534470125, 1.103292862,
2199.554901767, 1.102007861,
2199.575333309, 1.101818993,
2199.595764851, 1.097471750,
2199.616196394, 1.100156009,
2199.636627936, 1.101695445,
2199.657059479, 1.098333196,
2199.677491021, 1.099437703,
2199.718354106, 1.100035091,
2199.738785749, 1.098114113,
2199.759217192, 1.098079210,
2199.779648835, 1.101248590,
2199.800080378, 1.098336772,
2199.820511821, 1.102273232,
2199.840943464, 1.100780647,
2199.861374907, 1.101976695,
2199.881806450, 1.102035515,
2199.902238093, 1.099536041,
2199.922669537, 1.101575616,
2199.963532723, 1.098827244,
2199.983964167, 1.101874625,
2200.004395810, 1.098713770,
2200.024827354, 1.101339727,
2200.045258798, 1.101221408,
2200.065690442, 1.101851322,
2200.086121985, 1.100985306,
2200.106553529, 1.102342138,
2200.126985073, 1.098689960,
2200.147416617, 1.100331722,
2200.167848261, 1.101870625,
2200.208711250, 1.099163472,
2200.229142894, 1.103497719,
2200.249574439, 1.098356828,
2200.270005883, 1.104150391,
2200.290437528, 1.102433171,
2200.310869072, 1.102340036,
2200.331300517, 1.104005928,
2200.351732162, 1.100214267,
2200.372163707, 1.102655999,
2200.392595352, 1.103945595,
2200.413026797, 1.100288473,
2200.453889987, 1.101719547,
2200.474321432, 1.104511636,
2200.494752977, 1.099918089,
2200.515184523, 1.101745706,
2200.535616068, 1.104015466,
2200.556047614, 1.101475762,
2200.576479159, 1.101440614,
2200.596910705, 1.103401913,
2200.617342351, 1.102670390,
2200.637773796, 1.102346631,
2200.658205342, 1.104301425,
2200.699068434, 1.104718738,
2200.719499980, 1.102938045,
2200.739931627, 1.102710844,
2200.760363073, 1.102816063,
2200.780794619, 1.102340535,
2200.801226266, 1.102773276,
2200.821657812, 1.104038755,
2200.842089359, 1.101860506,
2200.862520905, 1.104977845,
2200.882952452, 1.101097950,
2200.903384099, 1.102572865,
2200.944247093, 1.099141485,
2200.964678740, 1.104006836,
2200.985110187, 1.103073243,
2201.005541834, 1.102430635,
2201.025973382, 1.102711661,
2201.046404829, 1.104225192,
2201.066836476, 1.103403356,
2201.087268024, 1.104019352,
2201.107699472, 1.103482858,
2201.128131119, 1.103259982,
2201.148562667, 1.100213522,
2201.189425763, 1.104963665,
2201.209857311, 1.104138277,
2201.230288859, 1.102943243,
2201.250720407, 1.104095499,
2201.271151956, 1.103964659,
2201.291583504, 1.102499489,
2201.312015052, 1.100996670,
2201.332446601, 1.104927704,
2201.352878150, 1.103818662,
2201.373309698, 1.104745121,
2201.393741247, 1.110624657,
2201.434604345, 1.101526507,
2201.455035994, 1.103756656,
2201.475467543, 1.104496098,
2201.495898993, 1.104765695,
2201.516330642, 1.106161057,
2201.536762191, 1.105358548,
2201.557193641, 1.102352077,
2201.577625290, 1.104038799,
2201.598056840, 1.102665583,
2201.618488290, 1.101478429,
2201.638919940, 1.104779443,
2201.659351490, 1.105450737,
2201.679783140, 1.103516862,
2201.700214590, 1.106292218,
2201.720646140, 1.103716838,
2201.741077791, 1.103949007,
2201.761509241, 1.103789280,
2201.781940791, 1.104940931,
2201.802372442, 1.106418405,
2201.822803893, 1.107284010,
2201.843235543, 1.101924049,
2201.863667094, 1.104812953,
2201.884098545, 1.103704922,
2201.924961648, 1.104155851,
2201.945393199, 1.105128869,
2201.965824850, 1.104603713,
2201.986256402, 1.103359075,
2202.006687853, 1.105668007,
2202.027119505, 1.104553236,
2202.047551056, 1.104707992,
2202.067982608, 1.102571152,
2202.088414160, 1.112329957,
2202.108845712, 1.106369955,
2202.129277364, 1.104346528,
2202.170140369, 1.105614760,
2202.190572021, 1.104944139,
2202.211003474, 1.106040180,
2202.231435026, 1.107437329,
2202.251866679, 1.102756188,
2202.272298132, 1.105036551,
2202.292729784, 1.106407448,
2202.313161337, 1.105625914,
2202.333592791, 1.105560631,
2202.354024444, 1.111189227,
2202.415319104, 1.105802033,
2202.435750657, 1.103941441,
2202.456182311, 1.105921629,
2202.476613765, 1.105679917,
2202.497045319, 1.104587926,
2202.517476873, 1.104163899,
2202.537908427, 1.104631622,
2202.558339981, 1.104856374,
2202.578771535, 1.104912819,
2202.599203090, 1.104941861,
2202.619634644, 1.104366801,
2202.660497753, 1.102991555,
2202.680929408, 1.106037247,
2202.701360963, 1.104139848,
2202.721792418, 1.103376296,
2202.742224073, 1.103325838,
2202.762655628, 1.104898220,
2202.783087084, 1.107250427,
2202.803518739, 1.106848617,
2202.823950294, 1.102702025,
2202.844381750, 1.105058315,
2202.864813406, 1.104639720,
2202.926108074, 1.102421347,
2202.946539630, 1.105880525,
2202.966971286, 1.104009688,
2202.987402742, 1.105062978,
2203.007834299, 1.105096887,
2203.028265956, 1.103906171,
2203.048697412, 1.104979528,
2203.069129069, 1.104414849,
2203.089560626, 1.104088159,
2203.109992183, 1.103263237,
2203.150855297, 1.103392312,
2203.171286855, 1.104031959,
2203.191718412, 1.105561590,
2203.212149970, 1.104597125,
2203.232581527, 1.105074339,
2203.253013085, 1.103249452,
2203.273444643, 1.104520952,
2203.293876301, 1.102803084,
2203.314307759, 1.102434643,
2203.334739317, 1.105487537,
2203.355170976, 1.104208028,
2203.396033993, 1.106783484,
2203.416465651, 1.103362267,
2203.436897110, 1.102255726,
2203.457328669, 1.105656103,
2203.477760328, 1.103561414,
2203.498191787, 1.104339945,
2203.518623447, 1.104038251,
2203.539055006, 1.105054318,
2203.559486465, 1.104831692,
2203.579918125, 1.103593871,
2203.600349685, 1.104977881,
2203.641212805, 1.105678303,
2203.661644365, 1.108889107,
2203.682076025, 1.101202192,
2203.702507485, 1.103934876,
2203.722939046, 1.102416517,
2203.743370706, 1.104735235,
2203.763802267, 1.105407042,
2203.784233727, 1.103925888,
2203.804665388, 1.103249225,
2203.825096949, 1.103751797,
2203.845528410, 1.104574171,
2203.886391633, 1.101120389,
2203.906823195, 1.102793292,
2203.927254756, 1.105715566,
2203.947686218, 1.105222851,
2203.968117880, 1.104291416,
2203.988549442, 1.102432156,
2204.008980904, 1.102336474,
2204.029412566, 1.103385374,
2204.049844128, 1.103908189,
2204.070275591, 1.108800482,
2204.090707253, 1.103404634,
2204.131570479, 1.105993166,
2204.152001942, 1.101812628,
2204.172433505, 1.105719757,
2204.192865168, 1.104256494,
2204.213296631, 1.102901192,
2204.233728195, 1.101709614,
2204.254159858, 1.100777450,
2204.274591422, 1.102221501,
2204.295022986, 1.101722331,
2204.315454550, 1.101780932,
2204.335886114, 1.102091374,
2204.376749242, 1.104025918,
2204.397180807, 1.102413909,
2204.417612371, 1.102575209,
2204.438043936, 1.099923371,
2204.458475501, 1.100704993,
2204.478907166, 1.098551861,
2204.499338631, 1.101039769,
2204.519770296, 1.099507249,
2204.540201761, 1.099753968,
2204.560633327, 1.099624140,
2204.581064992, 1.099614337,
2204.621928024, 1.099293489,
2204.642359690, 1.099495885,
2204.662791156, 1.099591179,
2204.683222822, 1.099796049,
2204.703654388, 1.099221311,
2204.724085855, 1.102180519,
2204.744517521, 1.100701361,
2204.764949088, 1.099588673,
2204.785380555, 1.103555478,
2204.805812222, 1.101486309,
2204.826243789, 1.100788625,
2204.867106924, 1.099643160,
2204.887538491, 1.101094272,
2204.907970159, 1.102176420,
2204.928401727, 1.101375346,
2204.948833195, 1.100997001,
2204.969264863, 1.102087421,
2204.989696431, 1.099956472,
2205.010127899, 1.098697444,
2205.030559568, 1.100563080,
2205.050991136, 1.100593536,
2205.071422605, 1.099665781,
2205.112285843, 1.099710826,
2205.132717512, 1.101789341,
2205.153148981, 1.102116064,
2205.173580551, 1.101448912,
2205.194012120, 1.100583116,
2205.214443690, 1.099115235,
2205.234875260, 1.100767296,
2205.255306830, 1.099968271,
2205.275738400, 1.099119413,
2205.296170070, 1.098872320,
2205.316601541, 1.102595390,
2205.357464782, 1.103778901,
2205.377896253, 1.098445131,
2205.398327823, 1.102604024,
2205.418759495, 1.103812655,
2205.439190966, 1.102923791,
2205.459622537, 1.099603001,
2205.480054209, 1.097069443,
2205.500485780, 1.099801546,
2205.520917352, 1.097339689,
2205.541348924, 1.098959412,
2205.561780496, 1.097619510,
2205.623075213, 1.098416893,
2205.643506886, 1.100632286,
2205.663938358, 1.099324905,
2205.684369931, 1.099045969,
2205.704801604, 1.099946939,
2205.725233078, 1.100278708,
2205.745664751, 1.102328565,
2205.766096324, 1.100531553,
2205.786527798, 1.098377667,
2205.806959472, 1.099332534,
2205.847822520, 1.102161317,
2205.868254194, 1.099597832,
2205.888685768, 1.100693123,
2205.909117343, 1.100950170,
2205.929548917, 1.101023102,
2205.949980392, 1.095212639,
2205.970412067, 1.101371298,
2205.990843642, 1.097871995,
2206.011275217, 1.098660337,
2206.031706793, 1.094988313,
2206.052138368, 1.099596303,
2206.113433096, 1.098146679,
2206.133864772, 1.098212887,
2206.154296348, 1.098533062,
2206.174727825, 1.099578587,
2206.195159501, 1.098818961,
2206.215591078, 1.097635929,
2206.236022555, 1.099123267,
2206.256454232, 1.095080142,
2206.276885809, 1.100948751,
2206.297317486, 1.093656001,
2206.338180541, 1.098031202,
2206.358612219, 1.097723544,
2206.379043697, 1.098192107,
2206.399475275, 1.097663439,
2206.419906954, 1.098646526,
2206.440338432, 1.098500148,
2206.460770010, 1.099188708,
2206.481201689, 1.095446059,
2206.501633168, 1.097930365,
2206.522064847, 1.099278321,
2206.542496426, 1.100265019,
2206.583359585, 1.100380464,
2206.603791065, 1.098724126,
2206.624222644, 1.098768194,
2206.644654324, 1.096533879,
2206.665085804, 1.099549242,
2206.685517385, 1.099304416,
2206.705949065, 1.099706956,
2206.726380646, 1.100043830,
2206.746812226, 1.097752142,
2206.767243807, 1.097160039,
2206.787675388, 1.098115253,
2206.828538551, 1.095511637,
2206.848970132, 1.099572423,
2206.869401814, 1.098176603,
2206.889833296, 1.099156583,
2206.910264978, 1.099417955,
2206.930696560, 1.099280461,
2206.951128042, 1.097074938,
2206.971559725, 1.097089629,
2206.991991307, 1.098175812,
2207.012422790, 1.100051402,
2207.032854473, 1.095562257,
2207.073717539, 1.100611035,
2207.094149223, 1.098990275,
2207.114580806, 1.098813022,
2207.135012490, 1.096633409,
2207.155443974, 1.099763843,
2207.175875558, 1.100749658,
2207.196307242, 1.101080419,
2207.216738727, 1.098272301,
2207.237170311, 1.098396844,
2207.257601896, 1.097935192,
2207.278033581, 1.098963053,
2207.318896751, 1.097854107,
2207.339328236, 1.099777407,
2207.359759922, 1.100850497,
2207.380191508, 1.100297204,
2207.400622994, 1.098380932,
2207.421054680, 1.117234218,
2207.441486266, 1.100109354,
2207.461917752, 1.101412266,
2207.482349439, 1.099440146,
2207.502781025, 1.099153367,
2207.564075787, 1.096352851,
2207.584507474, 1.100687201,
2207.604938962, 1.098655005,
2207.625370549, 1.099493546,
2207.645802237, 1.099093909,
2207.666233725, 1.099322121,
2207.686665313, 1.098961309,
2207.707097002, 1.097492394,
2207.727528490, 1.097165543,
2207.747960179, 1.100556283,
2207.768391768, 1.100835306,
2207.809254946, 1.099092045,
2207.829686536, 1.096616513,
2207.850118125, 1.097724630,
2207.870549715, 1.099050311,
2207.890981305, 1.097715961,
2207.911412895, 1.101900655,
2207.931844485, 1.099414870,
2207.952276076, 1.103449144,
2207.972707667, 1.099774739,
2207.993139257, 1.100667998,
2208.013570848, 1.098634091,
2208.054434031, 1.099463812,
2208.074865622, 1.098482570,
2208.095297314, 1.100753363,
2208.136160498, 1.099798713,
2208.156592090, 1.103697542,
2208.177023582, 1.099801229,
2208.197455275, 1.101989637,
2208.217886868, 1.102345726,
2208.238318360, 1.101006539,
2208.258750054, 1.104439572,
2208.299613140, 1.100308670,
2208.320044834, 1.101694812,
2208.340476428, 1.100037938,
2208.360908122, 1.100758830,
2208.381339616, 1.100510227,
2208.401771210, 1.102399181,
2208.422202905, 1.102488794,
2208.442634399, 1.102695002,
2208.463065994, 1.102964860,
2208.483497689, 1.101316332,
2208.503929284, 1.105328309,
2208.544792475, 1.105762868,
2208.565224071, 1.100188738,
2208.585655667, 1.100401762,
2208.606087263, 1.102674112,
2208.626518759, 1.101678791,
2208.646950456, 1.103363735,
2208.667382053, 1.106450912,
2208.687813549, 1.105247101,
2208.708245246, 1.102880243,
2208.728676844, 1.101884607,
2208.749108541, 1.103087687,
2208.789971636, 1.102092949,
2208.810403334, 1.104881127,
2208.830834833, 1.102683366,
2208.851266431, 1.103262762,
2208.871698129, 1.107777880,
2208.892129628, 1.106625531,
2208.912561327, 1.105566957,
2208.932992926, 1.106291018,
2208.953424425, 1.104633791,
2208.973856125, 1.102539071,
2208.994287724, 1.104343535,
2209.035150924, 1.103361982,
2209.055582524, 1.104630014,
2209.076014125, 1.104253428,
2209.096445725, 1.101954319,
2209.116877326, 1.105874988,
2209.157740628, 1.106073426,
2209.178172129, 1.110072755,
2209.198603831, 1.104800837,
2209.219035432, 1.103900799,
2209.239466934, 1.104982581,
2209.280330139, 1.105333119,
2209.300761841, 1.108152815,
2209.321193444, 1.106843340,
2209.341624946, 1.107299319,
2209.362056649, 1.107244835,
2209.382488253, 1.104112382,
2209.402919756, 1.106686692,
2209.423351460, 1.106264777,
2209.443783063, 1.107674876,
2209.464214567, 1.105721837,
2209.484646272, 1.106554355,
2209.525509580, 1.106496017,
2209.545941085, 1.108206009,
2209.566372690, 1.106835083,
2209.586804395, 1.106875487,
2209.607235901, 1.108742089,
2209.627667506, 1.108171756,
2209.648099212, 1.108047168,
2209.668530818, 1.108097485,
2209.688962424, 1.106169550,
2209.709394030, 1.107208599,
2209.729825637, 1.108611983,
2209.770688850, 1.111399538,
2209.791120457, 1.109168435,
2209.811552165, 1.108342605,
2209.831983672, 1.105568045,
2209.852415280, 1.110620795,
2209.872846888, 1.108522166,
2209.893278496, 1.106532461,
2209.913710204, 1.107916798,
2209.934141713, 1.108712364,
2209.954573321, 1.110026375,
2209.975005030, 1.107156155,
2210.015868149, 1.109158684,
2210.036299858, 1.110905787,
2210.056731368, 1.109521848,
2210.077163078, 1.108578576,
2210.097594688, 1.108919421,
2210.118026198, 1.110338537,
2210.138457908, 1.110349501,
2210.158889519, 1.109953182,
2210.179321130, 1.109008927,
2210.199752741, 1.111766303,
2210.220184352, 1.108868795,
2210.281479187, 1.108490949,
2210.301910899, 1.110258137,
2210.322342412, 1.108032423,
2210.342774024, 1.110130219,
2210.363205737, 1.112188530,
2210.383637350, 1.110232120,
2210.404068863, 1.111550421,
2210.424500576, 1.112044207,
2210.444932190, 1.109867227,
2210.465363904, 1.114129883,
2210.485795418, 1.111631691,
2210.506227032, 1.111571210,
2210.526658646, 1.111258352,
2210.547090261, 1.112355066,
2210.567521875, 1.110607198,
2210.587953590, 1.111278994,
2210.608385105, 1.114683645,
2210.649248336, 1.110833033,
2210.669679952, 1.111807802,
2210.690111668, 1.110135538,
2210.710543184, 1.113614930,
2210.751406518, 1.111358535,
2210.771838034, 1.113123163,
2210.792269651, 1.110590835,
2210.812701369, 1.113079799,
2210.833132986, 1.113110734,
2210.853564604, 1.111442293,
2210.873996222, 1.115369234,
2210.894427840, 1.111745293,
2210.914859458, 1.113742145,
2210.955722695, 1.113683696,
2210.996585934, 1.108799559,
2211.017017553, 1.113906972,
2211.037449273, 1.111754863,
2211.057880792, 1.111829606,
2211.078312512, 1.111864936,
2211.098744133, 1.113144040,
2211.119175653, 1.111904100,
2211.139607374, 1.113694922,
2211.160038995, 1.112591548,
2211.180470516, 1.111249520,
2211.200902237, 1.113209446,
2211.241765480, 1.111902032,
2211.262197102, 1.111588673,
2211.282628624, 1.110886584,
2211.303060347, 1.112671756,
2211.323491969, 1.113683251,
2211.343923492, 1.114275999,
2211.364355215, 1.113711597,
2211.384786838, 1.116380751,
2211.405218462, 1.112527462,
2211.425650086, 1.113607467,
2211.446081710, 1.111525267,
2211.486944958, 1.113408973,
2211.507376582, 1.114620800,
2211.527808307, 1.113202360,
2211.548239932, 1.115380869,
2211.568671457, 1.115732692,
2211.609534808, 1.113053945,
2211.629966434, 1.113485320,
2211.650398060, 1.112112167,
2211.670829686, 1.112073558,
2211.691261413, 1.113429744,
2211.732124567, 1.111354155,
2211.752556294, 1.114078733,
2211.772987821, 1.113607684,
2211.793419449, 1.111989628,
2211.813851177, 1.112556664,
2211.834282705, 1.110214573,
2211.854714433, 1.112284720,
2211.875146062, 1.112575641,
2211.895577591, 1.114043799,
2211.916009320, 1.113126869,
2211.977304208, 1.113105431,
2211.997735738, 1.113486486,
2212.018167468, 1.112976295,
2212.038599098, 1.113089513,
2212.059030729, 1.112865340,
2212.079462360, 1.113345745,
2212.099893991, 1.115255833,
2212.120325622, 1.112795843,
2212.140757253, 1.110788870,
2212.161188885, 1.112374992,
2212.181620517, 1.113857032,
2212.202052249, 1.113026151,
2212.222483782, 1.111935897,
2212.242915514, 1.113623477,
2212.263347147, 1.112339261,
2212.304210413, 1.112700779,
2212.324642047, 1.115267255,
2212.345073581, 1.114397408,
2212.365505315, 1.112711098,
2212.385936949, 1.112700357,
2212.406368683, 1.112360518,
2212.426800218, 1.110205205,
2212.467663588, 1.115683821,
2212.488095124, 1.112861240,
2212.508526759, 1.115005878,
2212.549390031, 1.111876853,
2212.569821667, 1.110270469,
2212.590253304, 1.115896124,
2212.610684941, 1.114389291,
2212.631116678, 1.112367607,
2212.651548215, 1.116787220,
2212.671979852, 1.116277837,
2212.712843228, 1.113564626,
2212.733274766, 1.113594695,
2212.753706505, 1.114121284,
2212.774138143, 1.113643103,
2212.794569682, 1.112344007,
2212.815001421, 1.114466049,
2212.835433061, 1.113709299,
2212.876296340, 1.112173932,
2212.896727980, 1.110672329,
2212.917159720, 1.112601295,
2212.958022902, 1.112091741,
2212.978454643, 1.111629891,
2212.998886184, 1.111024659,
2213.019317925, 1.111225307,
2213.039749567, 1.112231695,
2213.060181109, 1.112713759,
2213.080612851, 1.115952999,
2213.101044494, 1.115093806,
2213.121476036, 1.114766359,
2213.141907779, 1.116015123,
2213.162339423, 1.115957020,
2213.203202710, 1.111751412,
2213.223634353, 1.115989065,
2213.244065998, 1.116447438,
2213.264497642, 1.113495311,
